,name,address,sort,menu,mean_price,score,people_give_score,review_count,review_list,img_food,img_inner
0,치즈룸 & 테이스팅룸 롯데월드몰,,이탈리아음식,"리코타 포도 플랫브래드,시금치 플랫브레드,모짜렐라 토마토 플랫브레드,리코타 치즈 멜트 & 비스크,보드카 리가토니,명란 대파 우유 파스타,산 세바스챤 치즈 케이크,팝콘 소금 아이스크림",20587,4.5,3371,6364,"긴 웨이팅 끝에 먹었는데 기다린만큼 맛있네요~ 전체적으로 음식맛이 튀지않고 조화롭게 좋아요! 디저트로 바스크치즈케이크 먹었는데 손에 꼽을정도로 맛있어요 꼭 드세요!!! 연인들이랑 오면 얘기하면서 밥먹기 너무 좋구 음악도 분위기 맞게 좋은 선곡이여서 추천해요😎/작년봄에 다녀온후 재방문..형부가 처제 좋아할만한곳이라며 데리고 왔는데, 작년봄에 친한동생이 소개해준곳..음식도 깔끔하고 맛있지만, 인테리어도 멋있고 통창으로 내려다보이는 도심이 색다름.. 무엇보다 직원분들이 매우 친절해서 좋았다/3명이서 먹었는데 만족스러웠어요!ㅎㅎ 일단 매뉴가 생소해서 표시돼 있는걸로 주뮨했는데 다 맛있어서 좋았습니다 네이버예약하고 가면 안기다리고 먹을수잇어서 좋았어요~다음에 또 방문할겁니다/큰 기대 없어 갔었는데 기대보다 만족스러웠습니다. 메뉴 보니 무슨맛일지 알겠는 맛인데 오늘 롯데몰 갈 일이 있으니 한번 먹어보지 뭐 하는 마음이었는데 알겠는 맛이지만 맛 조화가 좋고 재료 신선하니 맛있었습니다. 여자 둘이 메뉴 세개 싹 먹고 치즈케잌까지 먹었는데 치즈, 오일 가득인 식사를 했음에도 속이 불편하지 않고 괜찮았습니다./주말에 갔는데 2시간 제한 있었어요.매장은 총 2층으로 돼있네요.시금치 플랫 브레드 산뜻하니 좋았고(먹을때 추하니 소개팅 장소로는 비추)파스타치오 파스타 맛있었어요.시간 좀 지나니 느끼하긴 했는데 첫 맛은 좋았습니다/그거 아세요?전 2접시나 먹었어요 ㅠㅠ진짜진짜 강추 특히 토마토파스타 좋아하시는분들 여기 강추합니다 ㅜㅜ 제가 생각했던 그 맛 여기서 맛봤습니다:)😇👍🏼👍🏼보드카리가토니 정말 맛있게 먹었고 요근래 먹은 움식중 원탑입니다! 보드카리가토니랑 치즈케이크 꼭 드세요 ㅜㅠ❤️‍🔥❤️‍🔥❤️‍🔥❤️‍🔥❤️‍🔥❤️‍🔥❤️‍🔥❤️‍🔥❤️‍🔥❤️‍🔥❤️‍🔥❤️‍🔥❤️‍🔥재방문의사는 넘치는데 하필 지방에 살아서 너무 슬프네요 ㅠㅠ 그리고 음료 같이 시키는걸 추천해드려요 :) 약간 산뜻하게 잡아줄 음료 있으면 좋았을거같아서요! 너무너무 아쉬워요 제가 사는곳엔 치즈룸이 없어서ㅠㅜ직원분들 정말 친절하셨고 창가자리 분위기도 좋아요 ☀️서울가면 치즈룸 다시 가고싶네요 👀/당일예약 돼서 좋았어요! 무엇보다 음식이 맛있고 직원분들이 친절해서 머무르는 동안 굉장히 편안하고 즐거웠습니다~! 치즈케이크 꼭 드세욥!!!!/뷰 최고, 음식도 다 맛있어용느끼한 메뉴만 먹긴 했는데열무피클이 있어서 괜찮아요바쁜데도 친절하셨어요 감사합니당/평일 예약 후 방문. 네이버 예약 사용.평일 점심시간 기준 웨이팅이 생기거나 하지는 않지만 좌석은 거의 다 참.일찍 예약하고 가면 창가 뷰 좋은 자리 사용 가능한 듯함.메뉴 모두 다 너무 만족함.비스크 링귀니 토마토 파스타 감칠맛 너무 좋고트러플 크림 하몽 파스타 짭짤하면서 트러플향 좋고전복리조또 안짜고 향긋해서 밸런스 너무 좋았습니다.재방문의사 있습니다./매장도 너무 예쁘고 음식도 청결하고 빠르게 나와서 정말 맛있게 잘 먹었습니다! 디저트도 너무너무 맛있었고 서비스도 너무 친절해서 다음에 또 방문할 것 같아요^^*","https://search.pstatic.net/common/?autoRotate=true&quality=95&type=f180_180&src=http%3A%2F%2Fblogfiles.naver.net%2FMjAyMTAzMzBfMTky%2FMDAxNjE3MTEzNDU5MzIz.VVHoSfqXp9HxrqWk5iXZ1mC4LQVtP1JExFjQHayoZV0g.Zzpb-Tz0NwSncFja81oIqNvx-ZCS4FiKyUQmWO1vLOwg.JPEG.ko_youngeun%2FIMG_9261.jpg,https://search.pstatic.net/common/?autoRotate=true&quality=95&type=f180_180&src=http%3A%2F%2Fblogfiles.naver.net%2FMjAyMTAzMDlfMjMx%2FMDAxNjE1MjQ4OTM4NjE3.AzyWMszfyBwcZk9IlgMgluRGj4IAerlSQObyLLqfAkcg.FHH4GJqNij7AAHkyvo9eOa9ZSd5PFSNOHlkTQw5Bet8g.JPEG.dana_104%2FP20210228_115346942_837175BB-E4A0-4CCE-B45B-B9B043B02B39.jpg,https://search.pstatic.net/common/?autoRotate=true&quality=95&type=f180_180&src=http%3A%2F%2Fblogfiles.naver.net%2FMjAyMTA3MDRfMjQ5%2FMDAxNjI1MzczNjgzNTY5.SdiCo83b3sU42cmyvucwAd_md3iJbsybb0s6VkjQRJgg.cQaatybA16ubS2xTnvXtEVNWAzTokFr2f1yCCKvoZF4g.JPEG.hxxvely__%2FIMG_6460.jpg,https://search.pstatic.net/common/?autoRotate=true&quality=95&type=f180_180&src=https%3A%2F%2Fldb-phinf.pstatic.net%2F20210302_284%2F1614669368685octya_JPEG%2FZ-veN0NExurShzg6IhX0vwam.jpg,https://search.pstatic.net/common/?autoRotate=true&quality=95&type=f180_180&src=http%3A%2F%2Fblogfiles.naver.net%2FMjAxNzEyMDdfMTE0%2FMDAxNTEyNjI0OTc5Nzgw.zhDhzHmFSByvXKPE5JMdcL875s1OHniu20ypBs4EroIg.LEIagh44KWLOfAxD43ebBeS5_5SPTG0sTOauFVomytkg.JPEG.eunz%2F20171202_122632.jpg,https://search.pstatic.net/common/?autoRotate=true&quality=95&type=f180_180&src=http%3A%2F%2Fblogfiles.naver.net%2FMjAyMTA3MDZfODIg%2FMDAxNjI1NTQ2OTQ3MDE1.TbxvsTjdgxi8Bd7htAfpuUfYIlqf5IvW6bTIEX_83kcg.4XlUBctT4xIKtEeTl9ZecLFX7CflCS5u07JTjOL2mDQg.JPEG.hanabi_02%2FIMG_5059.JPG,https://search.pstatic.net/common/?autoRotate=true&quality=95&type=f180_180&src=http%3A%2F%2Fblogfiles.naver.net%2FMjAxODAxMTFfMjAw%2FMDAxNTE1NjM3NzA3NjU4.bE8mRsUERcBqZXWdM201Qp5oRnnqLZZ74mxBcCqjcHgg.8RzHv3xqTqb3XpEo_01scfMlRcmOCXxCk7KqeAAADhAg.JPEG.ckacka1024%2FIMG_6489.jpg,https://search.pstatic.net/common/?autoRotate=true&quality=95&type=f180_180&src=http%3A%2F%2Fblogfiles.naver.net%2FMjAyMDA4MTdfMjM5%2FMDAxNTk3Njc0Nzg5OTEz.537rIeiV1uW0HYt3ky-uIbLipP-ENlh3f2-AxeOkfmog.Q0ZmJ3_EmzIkfDOPJMh6Zyg7fkjEMLeT2Wyf72DvaPIg.JPEG.910209%2FKakaoTalk_20200817_222536535_24.jpg,https://search.pstatic.net/common/?autoRotate=true&quality=95&type=f180_180&src=http%3A%2F%2Fblogfiles.naver.net%2F20160801_126%2Fsensrun_1470061796010s2lnS_JPEG%2F034A0200.JPG,https://search.pstatic.net/common/?autoRotate=true&quality=95&type=f180_180&src=http%3A%2F%2Fblogfiles.naver.net%2FMjAyMTEyMTlfODkg%2FMDAxNjM5ODkxNDM2NjIx.63KoM4VW7RnQjeV8bEPqX-0TEKHKdVRfZ5iYE00oyEog.y_-1heOTkrbCrs0Hn9kHDP5seQTtf7wAMHGvWN5W1f0g.JPEG.dgdm96%2FIMG_0622.JPG,https://search.pstatic.net/common/?autoRotate=true&quality=95&type=f180_180&src=http%3A%2F%2Fblogfiles.naver.net%2F20160527_57%2Ffineappleandyou_1464354379301om4CJ_JPEG%2FP20160412_111903244_2FE0155E-1A80-4A4D-8736-B7C5B10874FA.JPG,https://search.pstatic.net/common/?autoRotate=true&quality=95&type=f180_180&src=http%3A%2F%2Fblogfiles.naver.net%2FMjAxODAzMDJfMjA2%2FMDAxNTE5OTgxMzA1NTM3.xsy5EeUBQZeOIypIrV5A5A2UHNsSxtDFRy4emVnSbZAg.JMSsYfMfKwkGu63PABEfsrqXgoApSEWjYW68qdS3sNog.JPEG.pamalria%2F2018-03-01-21-44-33.jpg,https://search.pstatic.net/common/?autoRotate=true&quality=95&type=f180_180&src=http%3A%2F%2Fblogfiles.naver.net%2FMjAxOTAyMjBfNTUg%2FMDAxNTUwNjY5NTkzNDAw.ZNterYfq8PkG5CE0zdgsOayntF64Z81peuJ2FbQAJ6Ig.VdO7W3YjZi5UcCGmDoeUMqjtAsu8dKQxI3lpfVwdx3kg.JPEG.bobna1028%2FIMG_2672.jpg,https://search.pstatic.net/common/?autoRotate=true&quality=95&type=f180_180&src=http%3A%2F%2Fblogfiles.naver.net%2FMjAxNzEyMTZfMjYy%2FMDAxNTEzNDAwNTY0ODQ4.RHW4hROXopTreLpg-ebXc9xLYlvaa_rZggOWM2V6x4Eg.FAxU2WpUY1swcoJJs-eZwHnDV7dr6LGxgHVk0TYlwe8g.JPEG.1007joj%2FIMG_3774.jpg,https://search.pstatic.net/common/?autoRotate=true&quality=95&type=f180_180&src=http%3A%2F%2Fblogfiles.naver.net%2FMjAyMDExMjNfMzAg%2FMDAxNjA2MTEzNjA2MDQ2.PAi_X_HUIMEHuABWvbOST84zLZiHXpWk2IIl3_SC-5Ag.9AAp1ffoWWEFaV-EVHs-20qmNY0dcLJm6O8dziGef38g.JPEG.jaeeunlee731%2FKakaoTalk_20201122_085331693_08.jpg,https://search.pstatic.net/common/?autoRotate=true&quality=95&type=f180_180&src=http%3A%2F%2Fblogfiles.naver.net%2F20160809_297%2Fdahaeyoo_147070804718991msl_JPEG%2FDSC00051.JPG,https://search.pstatic.net/common/?autoRotate=true&quality=95&type=f180_180&src=http%3A%2F%2Fblogfiles.naver.net%2FMjAxNzEwMTNfMjY0%2FMDAxNTA3ODgxNzA3MTMw.zPlJX-Z4HXAVs3SCcRlIUxuiqESYs7IOdvjpO4bCisQg.6-XzP2iE23FhR-SegDQh-2NGxxWDF2MroKakbESnVr0g.JPEG.senve486%2FKakaoTalk_Photo_2017-10-13-16-58-38_76.jpeg,https://search.pstatic.net/common/?autoRotate=true&quality=95&type=f180_180&src=http%3A%2F%2Fblogfiles.naver.net%2FMjAyMDEyMDhfMTk3%2FMDAxNjA3MzkwOTExMTg2.p4e4ZXoBF589ep7OblvH5HGh1hoiUSZyj4vECThBOIwg.7tNm01SgxtPzFQ1N6rP2TyH3Xn9jey6XoW8tRAeh4Tkg.JPEG.lee__0723%2FIMG_0324.JPG,https://search.pstatic.net/common/?autoRotate=true&quality=95&type=f180_180&src=http%3A%2F%2Fblogfiles.naver.net%2FMjAyMTA3MzFfMjk1%2FMDAxNjI3NzI4MjI4MzQ3.BfHBAPWDr1n7_icmYVNgFDw5Nt27PY2PaM8QhO1klEkg.lEZNKRO7HLSrIN4107gwsb8fUXpoEP60ez9-fv_YqE8g.JPEG.joohee0921%2FIMG_5922.jpg,https://search.pstatic.net/common/?autoRotate=true&quality=95&type=f180_180&src=http%3A%2F%2Fblogfiles.naver.net%2FMjAxODExMDFfMTI3%2FMDAxNTQxMDQ3NTU4MTgz.fnWRkB9-4GSNZZu9uFmqdmXM73HXEdwQghr2q1SD9TEg.aFXsA49NqWYH09Wpn0g8cMO3raYZRJK7ONEwX-NPfqcg.JPEG.minyminu00%2FIMG_8216.jpg,https://search.pstatic.net/common/?autoRotate=true&quality=95&type=f180_180&src=http%3A%2F%2Fblogfiles.naver.net%2FMjAxOTAzMzFfMjk2%2FMDAxNTU0MDExMTI0MzE5.6glcZsWDYbiX6E6BXZyw-dkNjNmXfGhBZiNcDetDFT8g.kqHF--Bfemzd-JUFAHCbAsdZtbVdZzemUfuQg5Svz8gg.JPEG.bohae09%2FIMG_4224.JPG,https://search.pstatic.net/common/?autoRotate=true&quality=95&type=f180_180&src=http%3A%2F%2Fblogfiles.naver.net%2FMjAxNzA4MTNfNzUg%2FMDAxNTAyNjMxNDAzMDY0.-OwZNpyDg7ZQY_cZLeKGvIruUZ6_-Jbn2Zx0cvNsXuQg.95kItOndnk47jvnu5OUcpeH8mPbK1h7eaehZgGHYzUEg.JPEG.yshmys%2FA3720E9A-A489-4850-90D6-41975E61335A.JPG,https://search.pstatic.net/common/?autoRotate=true&quality=95&type=f180_180&src=http%3A%2F%2Fblogfiles.naver.net%2FMjAyMDA4MjRfMjQg%2FMDAxNTk4MjcwNDY2MDI3.NrWEvVjmKrfTAI4JGUcQiCpd8sYfcUpQFD9ojJuqnUAg.lJ2-Bx6Ev02UM55zmrMoWklHCikjQT4VtLD0GPo9Kocg.JPEG.kyjoo0513%2FP20200822_125025148_75974965-1B59-4129-AA39-D63A8EF9A822.jpg,https://search.pstatic.net/common/?autoRotate=true&quality=95&type=f180_180&src=http%3A%2F%2Fblogfiles.naver.net%2FMjAxOTAxMjZfMzUg%2FMDAxNTQ4NTA4NTAxNzM2.-QHkYmizF_ejXdpeBHZ7mgoSi1xEpBJIuF_vWDI3v_gg.Ri_WOxjHB8QB9cywLxXKLYge2EqMGuBO4TlkGsAQ0hAg.JPEG.yha9407%2FIMG_8560.jpg,https://search.pstatic.net/common/?autoRotate=true&quality=95&type=f180_180&src=http%3A%2F%2Fblogfiles.naver.net%2FMjAxODEyMDFfMjcx%2FMDAxNTQzNjMzNjY2MTI5.prF-HU270KAaqzQCuE-Nj7cx7By1s68PQV2CvMmwjgQg.CAUs2i-yOsh4NFlcUmSt-1Vd6R5O41aLCDgg2xxjUqgg.JPEG.seraki0531%2FIMG_7802.JPG,https://search.pstatic.net/common/?autoRotate=true&quality=95&type=f180_180&src=http%3A%2F%2Fblogfiles.naver.net%2FMjAyMjAxMTdfMTcx%2FMDAxNjQyNDI3ODgzNDM4.8IGnmAokuUI3C5CW2dhtkAarH6TSv2kK1gHv7M8qxOUg.rzCdFnNOPeFTkdbZSaARkTz4_Uc_9zKHN7YryPfJcUkg.JPEG.onionydesign%2FKakaoTalk_20220117_221641567_18.jpg,https://search.pstatic.net/common/?autoRotate=true&quality=95&type=f180_180&src=http%3A%2F%2Fblogfiles.naver.net%2FMjAyMTAyMjdfMTc3%2FMDAxNjE0NDMxNTAwMzA0._mtPMMQe1vnoIDMrRW_De8a3cwQi_edk0kS6D8REPLUg.dQ8wo7ohRg8Ucj-sFVDoVrPe359vRj4QMO2S0LXgXY8g.JPEG.peetee1004%2F20210221%25A3%25DF134820.jpg,https://search.pstatic.net/common/?autoRotate=true&quality=95&type=f180_180&src=http%3A%2F%2Fblogfiles.naver.net%2FMjAxNzEwMTZfMSAg%2FMDAxNTA4MDg0NDMzNjE5.0gJGGj6gs_gu0cZ9BBxiK6I7e6YsME7knZzK06MhcHYg.T0hwJptGCZnFqkh7nYnbbzAQnUKHDMowo3N5p5u4kAsg.JPEG.ppppardon%2FIMG_1438.jpg,https://search.pstatic.net/common/?autoRotate=true&quality=95&type=f180_180&src=http%3A%2F%2Fblogfiles.naver.net%2FMjAyMDEwMjZfMTMw%2FMDAxNjAzNzE5NjEzMDk5.kzUw_0ixpeglvp0_mvnP2dSjTL8xWLVZQ8iPyudra34g.-T-WVSpHQYfC8aPrNazuMmk9dWZjCrHCqOFIxxfVvb4g.JPEG.jjh7062%2FIMG_1063.jpg,https://search.pstatic.net/common/?autoRotate=true&quality=95&type=f180_180&src=http%3A%2F%2Fblogfiles.naver.net%2FMjAyMjAyMDVfMjQ5%2FMDAxNjQ0MDEyMTcyNzYz.55lo1uT8cOzxUqQBHkBOPKM1GmEScmlrjfbcsr3eSZAg.DLChBUm7Gol2-a84Ss7pR4XAEGUFjZr88THdJYx-lQcg.JPEG.skawnfks79%2F1644012033383.jpg","https://search.pstatic.net/common/?autoRotate=true&quality=95&type=f180_180&src=http%3A%2F%2Fblogfiles.naver.net%2FMjAyMTA0MjJfOTYg%2FMDAxNjE5MDkzOTU0MzI1.d2isPZbYheWgNGxsp89WP4Mcv18TxxM37u6qwJJVhHAg.o0_9g2gXlk9XD-E0ck6FdMVABjjgS6NlUyXpMmA7pGQg.JPEG.jysg7777%2Foutput_563733328.jpg,https://search.pstatic.net/common/?autoRotate=true&quality=95&type=f180_180&src=http%3A%2F%2Fblogfiles.naver.net%2FMjAyMDA4MTdfMjQx%2FMDAxNTk3Njc0NzgzMzU2.nkJ-yZAEL-dczVuTGL0f144yAQXsl2Zj44EzSjVjRRkg.TMiJs2bZYTStm6FS1neSHFE1OOX3p3zllr50dCKUABgg.JPEG.910209%2FKakaoTalk_20200817_222536535_25.jpg,https://search.pstatic.net/common/?autoRotate=true&quality=95&type=f180_180&src=http%3A%2F%2Fblogfiles.naver.net%2FMjAyMTEwMjZfODcg%2FMDAxNjM1MjIzMjQ1Mjkx.AXBIgd6QJTLGz42_QKwe0oZEQbUc_X8QRj2WtJZHZdYg.EmKsx9rK9L12VT6XF7khO0-sGzhB7x5ZGbLFyktMWucg.JPEG.dbsjs829%2F1635223138395.jpg,https://search.pstatic.net/common/?autoRotate=true&quality=95&type=f180_180&src=http%3A%2F%2Fblogfiles.naver.net%2FMjAyMTA0MTlfNjQg%2FMDAxNjE4ODM3MTY5MzM0.0Gyu33UgeBQVBqyr-bhuZTOcT-cDKPCTWz06v-FoqUUg.i8ZcS1ao3FOVS56uwWG8oAIAxpD5XbwyuHtoFESacuog.JPEG.ggomatupu%2F20210418_123011.jpg,https://search.pstatic.net/common/?autoRotate=true&quality=95&type=f180_180&src=http%3A%2F%2Fblogfiles.naver.net%2FMjAyMTA2MDVfMjc2%2FMDAxNjIyODczMjEzNzEy.QmhgCwAiFPA2J60aSkSJ9JY_2fWzkbo3s9kkc-ujHtog.wOOJmzTXPtqe9XQg7wbz9DZSx0TIN1tnmYfpSNNs8dMg.JPEG.wls9165%2FKakaoTalk_20210605_104954975_14.jpg,https://search.pstatic.net/common/?autoRotate=true&quality=95&type=f180_180&src=http%3A%2F%2Fblogfiles.naver.net%2FMjAyMTExMTFfMTc0%2FMDAxNjM2NTk4NjY4NDI4.1YYQKFNa_9nGrIPXTEPjtyYEbRijyFUnE1E1-dBP7c0g.Sqv4fwpHMepzzoBrHWsHMc77gjPBrVInPkRxza3e1-sg.JPEG.dltnwls6878%2F20211110%25A3%25DF123407.jpg,https://search.pstatic.net/common/?autoRotate=true&quality=95&type=f180_180&src=http%3A%2F%2Fblogfiles.naver.net%2FMjAyMTA5MTRfMjQg%2FMDAxNjMxNjE3NTU5MjUz.194_oh8D36XU0B3ufl7qxeNNdDxcYzwNPvxfrg7gmqAg.1Syq7ITEy2ePZcZTacsNikAnRvVPiewRN-w4hwFSFq4g.JPEG.ddarumom%2FIMG_1095.jpg,https://search.pstatic.net/common/?autoRotate=true&quality=95&type=f180_180&src=http%3A%2F%2Fblogfiles.naver.net%2FMjAyMTA3MTJfMzYg%2FMDAxNjI2MDQ5MTQ3MTA1.3CRL1ifEmLwTipArOqFJiOkH3721UkYfmu4YgLxz1TIg.ttwSWglkD_P4BOUN0B27PRwj9gCOA-J7bgh6d6qAPxwg.JPEG.ssm01073%2FIMG_5773.jpg,https://search.pstatic.net/common/?autoRotate=true&quality=95&type=f180_180&src=http%3A%2F%2Fblogfiles.naver.net%2FMjAyMTAyMThfMjE4%2FMDAxNjEzNjI3MDY5MDU5.pJzqWyXB0eUg_o1I7B-ffqKBqS43GJ2cA8pRNBfD0_Yg.dXNrQ40nlyoakpy1xoy_gLUV5tKuWppPtAVqQPOPH74g.JPEG.akslvlzkxm%2F20210217%25A3%25DF135207.jpg,https://search.pstatic.net/common/?autoRotate=true&quality=95&type=f180_180&src=http%3A%2F%2Fblogfiles.naver.net%2F20151030_29%2Frkdwn20_14461796102495of0I_JPEG%2FIMG_3108.jpg,https://search.pstatic.net/common/?autoRotate=true&quality=95&type=f180_180&src=http%3A%2F%2Fblogfiles.naver.net%2FMjAyMTExMjZfMTM2%2FMDAxNjM3OTAyNDc0NTA5.mGZdL9xraI8Dy4dsVP8kajfMEg26co6vPPyxyD4hBqsg.z-K3wMJjIYpPt-2cHJgeEU-1lBBr9MyOTT2Ip4s0kTog.JPEG.jadu_v%2F%25C0%25E1%25BD%25C7%25B8%25F0%25C0%25D3%25C3%25DF%25C3%25B5_%25C4%25A1%25C1%25EE%25B7%25EB%25C5%25D7%25C0%25CC%25BD%25BA%25C6%25C3%25B7%25EB_%25B7%25D4%25B5%25A5%25BF%25F9%25B5%25E5%25B8%25F4_%252837%2529.jpg,https://search.pstatic.net/common/?autoRotate=true&quality=95&type=f180_180&src=http%3A%2F%2Fblogfiles.naver.net%2FMjAyMTAzMThfMTE1%2FMDAxNjE2MDUyNTQ1MDE5.mD90EdvPO-DDLY2kCNQaahhgxXwhWiSMsRltQq4osj0g.lJqqa2xNAaYM4vwJvynS0YpY-_GDlitzfj3Sc6YRMXwg.JPEG.lalee1203%2FIMG_0817.jpg,https://search.pstatic.net/common/?autoRotate=true&quality=95&type=f180_180&src=http%3A%2F%2Fblogfiles.naver.net%2FMjAyMTExMTJfMjg2%2FMDAxNjM2Njk5MjYxNzI1.-lriNv1Qs_yzi5Ajg066BZhUbrZfiOaxXPMpDS76jR8g.wd4TY2qyA8_hrm3VdsBR4yLlu-GwsM9oz9OJl92UdE0g.JPEG.kimyeonjoo2%2FIMG_8961.jpg,https://search.pstatic.net/common/?autoRotate=true&quality=95&type=f180_180&src=http%3A%2F%2Fblogfiles.naver.net%2FMjAyMDEyMjVfMjgx%2FMDAxNjA4ODU3NDMyMDc2.f7k0sWJSNXcDNwz-RjoHNM_gbZnrmgPmIu7V465i38wg.wYArq-iKdecmq2VjSCK8k0nKmZhuDrmwXfHyFn35H3sg.JPEG.key1986%2FIMG_1814.jpg,https://search.pstatic.net/common/?autoRotate=true&quality=95&type=f180_180&src=http%3A%2F%2Fblogfiles.naver.net%2FMjAyMTA5MTdfMTUx%2FMDAxNjMxODY3NTg3ODk0.ZKjkKfJhwyBtJC8TnuQxhUGwHOLZ_qnBQkJWL4QOpWwg.CBKhTZgggHhJRLoAVO4ThYvayLfFZQPaZeRBz4tKUnog.JPEG.asdlk1009%2FIMG_9093.jpg,https://search.pstatic.net/common/?autoRotate=true&quality=95&type=f180_180&src=http%3A%2F%2Fblogfiles.naver.net%2FMjAyMjAyMjJfMzAw%2FMDAxNjQ1NTA3OTUxODkx.cgJfYUYT8hhgpr8vQDqXb_gRjQBonr9H-lwA2av03jIg.A9GMCrBZocMq8zZQ8QuzYaTc3VF3Bxv5mHOxv76aAO4g.JPEG.ahd222999%2F1645507273623.jpg,https://search.pstatic.net/common/?autoRotate=true&quality=95&type=f180_180&src=http%3A%2F%2Fblogfiles.naver.net%2FMjAyMTAzMjVfMTc4%2FMDAxNjE2NjU1NjU2NDc3.M9Y9TLY5UTPJozK2h3z0mmF2RIwlLOxGqauN4Zbs0RAg.gjQWaudNV3iBJBIyNJRaJr7NB2vQ-f7vPVA6Q9kYyiUg.JPEG.gkfla4104%2F1616655653560.jpg,https://search.pstatic.net/common/?autoRotate=true&quality=95&type=f180_180&src=http%3A%2F%2Fblogfiles.naver.net%2FMjAyMTA0MTFfMTM1%2FMDAxNjE4MTM0OTc3MTMx.8HjthXDX90Ma1uLZqG1vLAZ1Ok5HAGJYrgKm6DJSmP4g.TnXMr7FlajeCqEMNDLLdR1ND2513qM7heyz-LKCA8C8g.JPEG.blanctl%2F1618134967033.jpg,https://search.pstatic.net/common/?autoRotate=true&quality=95&type=f180_180&src=http%3A%2F%2Fblogfiles.naver.net%2FMjAyMDAyMTNfMjgx%2FMDAxNTgxNTcxMzM2MzY2.pxd2XXXC-2V9d4YTvu_72_a5fKIlx5s8o1t5SvYQoAcg.Z6We2uyejqzUuDA1F6rcLS4PGdD6885KWbIhoHyUG6og.JPEG.alfkstmdgh%2F1578750954612.jpg,https://search.pstatic.net/common/?autoRotate=true&quality=95&type=f180_180&src=http%3A%2F%2Fblogfiles.naver.net%2FMjAyMjAxMTVfMjM5%2FMDAxNjQyMTc5OTAyNjk1.5CgL4bCgkRPMkhmpYgNGJZOG5X0d5sHqlmdt1dRGsR0g.MabxWT6XzVHE12YpDfot4HMKn0EaHFNxd6m0viniGx0g.JPEG.hyocaron22%2FIMG_8899.JPG,https://search.pstatic.net/common/?autoRotate=true&quality=95&type=f180_180&src=http%3A%2F%2Fblogfiles.naver.net%2FMjAyMjAyMTlfODUg%2FMDAxNjQ1MjMxNjAyNDI5.hbe7zq9AGzvOqPAnC4itUPox4h8EM5NcfjwDsjHIztgg.vyA7vlxy4p9e12buXcJz8eip3i8Ijz_ErX-_tjj1OPUg.JPEG.tlsduswjd88%2Fbatch_IMG_0586.JPEG,https://search.pstatic.net/common/?autoRotate=true&quality=95&type=f180_180&src=http%3A%2F%2Fblogfiles.naver.net%2FMjAxODAyMTNfMTQ2%2FMDAxNTE4NTA1MDE4MjEx.K5UogAJ1-cKuhTdqsfL7xlgFoFJ5qzASof-zk9ANPXwg.drr--T7bi98bgQye_QqAQVMxgfoy5-PcNpwYrbUWzKMg.JPEG.zzang2man_%2FIMG_4844.JPG,https://search.pstatic.net/common/?autoRotate=true&quality=95&type=f180_180&src=http%3A%2F%2Fblogfiles.naver.net%2FMjAyMTA4MTlfOTYg%2FMDAxNjI5MzM4NDk2OTUz.glVhAEMiHeTp4O8nnvEutVB1NiOb_0pV9WEhQmY_mxkg.lMFQn28utHNvluT_SDpAlTJocfJY7BvTtXwE2TYqw_Mg.JPEG.ehyapp%2FIMG_4557.JPG,https://search.pstatic.net/common/?autoRotate=true&quality=95&type=f180_180&src=http%3A%2F%2Fblogfiles.naver.net%2FMjAyMjAxMTdfMTcy%2FMDAxNjQyNDI5NzIwMjM5.x1JkBypCEBJTyTQ4cOcTqwvpwE7H8UKM-9d_yVx5qQMg.WEaWl7r_Qz_zlmnvmhMpzYr9-qTZtH2S7cahi7-OPPAg.JPEG.yun_pen%2FDSC03584.jpg,https://search.pstatic.net/common/?autoRotate=true&quality=95&type=f180_180&src=http%3A%2F%2Fblogfiles.naver.net%2FMjAyMDA5MjNfNTUg%2FMDAxNjAwODM3MTQyNzQ5.0D1rW1qvSJUfGUJK7yGrlOskhxRSBW8doNS9BZRq_SAg.SI8F6pqU38fweqOpmK2jdlXHG6jeUzpALdYAB39v-Bgg.JPEG.blissful_yu%2F1600837141798.jpg,https://search.pstatic.net/common/?autoRotate=true&quality=95&type=f180_180&src=http%3A%2F%2Fblogfiles.naver.net%2FMjAyMTA5MjdfMTQ2%2FMDAxNjMyNzM0MTU1MTQ1.dfY6iHSdzmUWM7i4fsn6NO6DlUqTl5MUKmoG-kT0hVYg.LZMopheFmy6svh7CmNPGD5wfh1uK5DuHZyIsCmaq_10g.JPEG.je3312%2FIMG_9013.jpg,https://search.pstatic.net/common/?autoRotate=true&quality=95&type=f180_180&src=http%3A%2F%2Fblogfiles.naver.net%2FMjAyMDExMThfNTYg%2FMDAxNjA1NzA5ODY1MDg2.UtsMY29Ct1r692XCbNoTVVzSL0qKJk_HjYwUQuqx22sg.nQ2_5K_G9HIOjNugFHUtP4HQpvcbWqJEdnX-2XL04ZQg.JPEG.danbliss%2F%25C4%25A1%25C1%25EE%25B7%25EBX%25C5%25D7%25C0%25CC%25BD%25BA%25C6%25C3%25B7%25EB-28.jpg,https://search.pstatic.net/common/?autoRotate=true&quality=95&type=f180_180&src=http%3A%2F%2Fblogfiles.naver.net%2FMjAyMTA1MDRfMTQg%2FMDAxNjIwMDkyMTIzMzU1._qXU_Ga56MEJJ_huJwK6wrbU3zAe-i_9FONz6jZWt28g.OV9-xGQuIavWh8Ld5HPa113bXRsmxOfBZWcnksaG-xog.JPEG.jhnam7071%2FKakaoTalk_20210504_100347894_19.jpg,https://search.pstatic.net/common/?autoRotate=true&quality=95&type=f180_180&src=http%3A%2F%2Fblogfiles.naver.net%2FMjAyMTA2MDJfNjUg%2FMDAxNjIyNjIzNTM0NDcz.DyKpBq-WS--M0IgsWRUyEH792jmqzpL0XTx5n8IYdrQg.V-Luag2XM1bE7hCG35FYMQm2nDqvuUUNQ_6Uf8dE2KMg.JPEG.lq1023%2Foutput_2839813578.jpg,https://search.pstatic.net/common/?autoRotate=true&quality=95&type=f180_180&src=http%3A%2F%2Fblogfiles.naver.net%2FMjAyMTEyMTRfMTQy%2FMDAxNjM5NDg4MTM4NDc1.M7vvfBBmIcCd6cbI-ZHx3JAlnVk_ur83skXhmwUAWtog.M88DHXa0UX64Booiw4J5mT4ODqB0BHPtROBm2b8nLJEg.JPEG.hyelim26%2FKakaoTalk_Photo_2021-12-14-22-21-02_001.jpeg"
1,바이킹스워프 롯데월드몰점,,바닷가재요리,"성인 (110달러),어린이 (50달러)",표기 안함,4.37,1650,4453,"주말 점심 먹고왔습니다. 창가는 예약을 못해 아쉬웠지만 배정받은 자리가 넓어 마음에 들었어요.랍스터가 크기가 작은 것도 있지만 속니 꽉차 맛있어요. 랍스터 찜 말고도 베이크와 칠리 랍스터도 색다르고 맛있습니다. 연어가 없어요ㅠ고기는 왕갈비 하나뿐인 느낌이지만 왕갈비 너무 맛있어요. 1개씩만 받을 수 있어 아쉬워요.직원분이 친절하셨는데 그릴파트트는 아쉬웠어요. 뭔가 눈치보면서 고기 받는 느낌??조개나 전복도 다양하게 골라서 먹을 수 있어서 좋습니다. 2명이 가서 여러개 고르면 푸짐하게 먹을 수 있어요.마무리로 Twg 블랙티 향긋하고, 폴바셋 커피도 맛있습니다. 노아베이커리 케이크는 호텔 뷔페에서 먹는 디저트보다 훨씬 맛있습니다.케이크 종류를 1년에 한번씩이라도 바꾸면 더 자주 갈 수 있을거 같아요/랍스타 버터에 먹으니 진짜 맛있네요. 해산물, 초밥 다 맛있고 튀김류, 한식 포함 다양한 음식 먹고왔어요. 디저트 파트도 퀄리티 좋네요. 다만 주차 할인이 없는게 마니 아쉽네요/직원분들이 친절하셔서서 기분좋게 먹었어요🙌 사람들도 많고 힘들법도 한데 친절하셔서 좋았숩니다☺️/정말 맛있어요! 신선하고 좋아요!/특별한 날 가기 좋아요 ^^랍스터 배부르게 먹고 오고 해산물 신선하고 케익, 커피 등 모두 최고에요/음식 하나하나 다 맛있어요😘 평일 점심에 가서 먹는 게 한가롭고 좋은 듯!/작년 생일에 방문했다가 좋은 기억만 있어서 엄마 환갑에 한달 전부터 예약해서 방문했어요주변사람들은 다 큰 랍스터를 받는데 우리 가족만 갈 때마다 계속해서 작은 것만 주셔서 빈정이 상했어요. 한 두번도 아니고 계속 작은 것만 주시다니.. 큰 랍스터가 아예 없던 것도 아닌데 ㅠㅠ갈비는 한 번에 한 개밖에 못 받아서 불편했어요. 전에는 굽자마자 받을 수 있었는데 이번엔 미리 구워놔서 그런가 맛도 좀 덜한 느낌망고는 후숙 덜 된 걸 계속 섞어 받아서 맛이 없고 엉망으로 썰어주시고해산물도 주문과 다른 엉뚱한 걸 받았어요마지막에 랍스타 한 번 더 받으러 갔는데, 식사 끝물이라서 그런가 오래쪘는지 고무줄같이 질겨져서 먹을 수 없었어요 턱이 아플정도로 씹기 힘든 ㅠㅠ가격은 올랐는데 실망스러운 식사ㅠㅠ/맛있었어요! 랍스터를 배터져라 먹었네요 :-) 그릴 랍스터도 추천이고 그릴 코너의 달달한 왕갈비도 맛있어요! (새우 비추) 과일은 바로바로 잘라서 주셔서 위생적이라고 느껴졌고, 아이스크림은 젤라또 아이스크림, 커피는 폴바셋 입니당/재료가 신선하고 너무 좋았어요. 망고는크기가. 조금 아쉬웠네요/비싼가격만큼 종류도 많고 맛도 좋다! 다만 주차가 유료라는점.. 단체로 가서 80정도 나왔는데 주차비가 따로인게 아쉬웠어요","https://search.pstatic.net/common/?autoRotate=true&quality=95&type=f180_180&src=http%3A%2F%2Fblogfiles.naver.net%2FMjAxNjExMTBfMjA2%2FMDAxNDc4NzA5NTc4MDEy.5qZHcy6jbsfMq6vBAY3UgCN-CpwzB0SZpg3t3orJTZcg.wMPIOl53urUbZaS6X297G6zSIBSfPZ0jfXXZVHI25wQg.JPEG.diallove%2F1478708825204.jpg,https://search.pstatic.net/common/?autoRotate=true&quality=95&type=f180_180&src=http%3A%2F%2Fblogfiles.naver.net%2FMjAxOTEwMjJfNzIg%2FMDAxNTcxNzU0NzM5MTIz.TE4d0KVmRZyuVUT-dfl1rDpksGYdP-Rvp4I1LJL60Pkg.NeGSLFNvYghileZKLdOx0i73xrd6shB6rzy6AEE0NHQg.JPEG.94duswl%2FIMG_4111.jpg,https://search.pstatic.net/common/?autoRotate=true&quality=95&type=f180_180&src=http%3A%2F%2Fblogfiles.naver.net%2FMjAxNjExMTBfMTgw%2FMDAxNDc4NzA5NTc4ODU4.5i7FZpAfGjQ7oxDm4Lhmb7-t-3aQSB1MGOC6Y-4JDGkg.NtsA7OctaR8xwfajgmzoIWKPLyil1dWsWY9mCubkX0Mg.JPEG.diallove%2F1478708835025.jpg,https://search.pstatic.net/common/?autoRotate=true&quality=95&type=f180_180&src=http%3A%2F%2Fblogfiles.naver.net%2FMjAyMTExMjJfOCAg%2FMDAxNjM3NTg2MjA3MDE4.NjqQIICVPudrTGouyYhGdZn2ApsnWrvihoF8CTn0E4Ug.3e8NTPoNAzezhCszm4xxwOfeTxzdwPoGBPQ7pBNQy2cg.JPEG.part_c%2FIMG_5377.jpg,https://search.pstatic.net/common/?autoRotate=true&quality=95&type=f180_180&src=http%3A%2F%2Fblogfiles.naver.net%2FMjAxODEwMDJfODcg%2FMDAxNTM4NDU0MzY0NjUz.bHG_ouiPzH3ydq6gqhcgOryiUy3DBtzhBl1aolyNzXgg.9FK9skGnCouB25WWepg1nOk-bngms6Nyq4n-fRE3hF8g.JPEG.skyandseaend%2FSAM_0331.JPG,https://search.pstatic.net/common/?autoRotate=true&quality=95&type=f180_180&src=http%3A%2F%2Fblogfiles.naver.net%2FMjAxNzA0MjFfNTUg%2FMDAxNDkyNzExODU5NDEy.FGKZ_N2jqjg9PjAf7V3KvxLI4a9dn6KTRB3B_XMMDTYg.-n3GwkhLfkf-bA3uwS9fvV9IjkK5_n4IAUymil03-oUg.JPEG.mjmwm%2F20170420_123711.jpg,https://search.pstatic.net/common/?autoRotate=true&quality=95&type=f180_180&src=http%3A%2F%2Fblogfiles.naver.net%2FMjAyMDA5MTdfMTAw%2FMDAxNjAwMzQ4MjAwNTA2.YXvbx0spN8IPbeUCypH0dZ9o1kjZ1pIFZZwShdvMtJEg.9eQ4xUeb4zYV_bRu3xPGRP6HZqpLSWF9m8FryhyQf2Ig.JPEG.momo03212%2FIMG_7659.jpg,https://search.pstatic.net/common/?autoRotate=true&quality=95&type=f180_180&src=http%3A%2F%2Fblogfiles.naver.net%2FMjAxNzA5MjBfMTQx%2FMDAxNTA1ODk2MTYyMzk2.Dbrj1g68lThHONxqwJ7MVLe1bloaFjrbh5pDUacpxogg.ZjSf7BDFriywoyE0LOi_CLLytCjaALxFufKyQibnfuIg.JPEG.cheezee%2FIMG_7933.JPG,https://search.pstatic.net/common/?autoRotate=true&quality=95&type=f180_180&src=http%3A%2F%2Fblogfiles.naver.net%2FMjAxODAzMDJfMjMz%2FMDAxNTE5OTc1MTMzMjM3.NV5CSI6JhAB1W9MwpxzhfYK_2ozorPnDXccdSOiI6DYg.S_XoNePxWXdKLaHm0j683z5fD-zJNx85uOPxLyyR-pEg.JPEG.ye5247%2FKakaoTalk_20180302_144225181.jpg,https://search.pstatic.net/common/?autoRotate=true&quality=95&type=f180_180&src=http%3A%2F%2Fblogfiles.naver.net%2FMjAyMDEwMDlfODYg%2FMDAxNjAyMjM1MTgyMDkx.pwRyuC2Oj2GCtiGgSAR5Xco1SrehuskXecVSyWqObHAg.CvAjVaIdSe8HCd_kTer931n4W3zmK22gE26jGvVfBUIg.JPEG.psgyou1004%2FIMG_1387.JPG,https://search.pstatic.net/common/?autoRotate=true&quality=95&type=f180_180&src=http%3A%2F%2Fblogfiles.naver.net%2F20150129_131%2Fpark1007_1422518003757Fchdo_JPEG%2F20150129_134414.jpg,https://search.pstatic.net/common/?autoRotate=true&quality=95&type=f180_180&src=http%3A%2F%2Fblogfiles.naver.net%2FMjAyMTAyMDRfOTIg%2FMDAxNjEyMzczODkxMjUx.DFEv_ZiiiC7JLd1ibY5QuJyw5XG7ulf9kL1pXSNP71og.XYhDW1rZf26M2B4PwZm3pUdfaZPvLHYqS0STcBh8goMg.JPEG.dudndnd%2FIMG_9501.jpg,https://search.pstatic.net/common/?autoRotate=true&quality=95&type=f180_180&src=http%3A%2F%2Fblogfiles.naver.net%2FMjAxNjExMDZfMjc0%2FMDAxNDc4NDM4NjEwODU1.FwfdQWzGkEne-Aq1CbKP2AIDArnhtd1GfVNX-6JR9Psg.DzG6vJG-dzbOY6GjZrThVmEyiIMTCkM5yEMQxAwuEkEg.JPEG.screamareum%2F20160515_173115.jpg,https://search.pstatic.net/common/?autoRotate=true&quality=95&type=f180_180&src=http%3A%2F%2Fblogfiles.naver.net%2FMjAxODAxMjNfMTUy%2FMDAxNTE2NjkwODM3ODQ3.63L_gHSQGluFwJFW1FH4Si_zF5IUCXPC7rMVqB9irOkg.dX2F7ThKxJE_bwhyELMFxetqlssn8SFN3f4JAhut6sUg.JPEG.dlekthf915%2FKakaoTalk_Moim_4MImv9a6ArPrUhYyj6j6MNcx9Jo1J7.jpg,https://search.pstatic.net/common/?autoRotate=true&quality=95&type=f180_180&src=http%3A%2F%2Fblogfiles.naver.net%2F20160703_285%2Filoveyouij_1467479932399yAkn1_JPEG%2FKakaoTalk_20160703_001335306.jpg,https://search.pstatic.net/common/?autoRotate=true&quality=95&type=f180_180&src=http%3A%2F%2Fblogfiles.naver.net%2FMjAxODA1MTlfMjY0%2FMDAxNTI2NzM5OTUyNTI5.ofIejTkPRfSg0LSv793lxAOiiBbFxTXzYXjFS2rGXLQg.KwbYMDrRqLKzoNZfo1j-0nIm4wDbbYhqWznJsmoBwiog.JPEG.wlsyd0730%2Foutput_2977598830.jpg,https://search.pstatic.net/common/?autoRotate=true&quality=95&type=f180_180&src=http%3A%2F%2Fblogfiles.naver.net%2FMjAxODAyMDNfMjU5%2FMDAxNTE3NjQ2Mjc3Nzgy.3BdExNVlOIirfiLIZmhoko6VgyNOemCOIU7HKcbH4s4g.Xmad3y5zb6UtPaXPmASly92aWLCb8UgMtneufufAsJog.JPEG.formaj%2FIMG_7087.jpg,https://search.pstatic.net/common/?autoRotate=true&quality=95&type=f180_180&src=http%3A%2F%2Fblogfiles.naver.net%2FMjAxOTAxMDdfNDQg%2FMDAxNTQ2NzkxNzMzNjUy.cZKb1GwQL2XyuiujiOjUuOp87QeAhpW_B8JskCGka6Yg.yWjP0gEFd9W9ws8AQ3iUi15vUCqgvE8otPV3NlvtjA0g.JPEG.duseoska%2F20190101_173932.jpg,https://search.pstatic.net/common/?autoRotate=true&quality=95&type=f180_180&src=http%3A%2F%2Fblogfiles.naver.net%2FMjAxOTA1MDdfMjA3%2FMDAxNTU3MTU2NDEwNTU0.kpoeIyXljkNPpRMsDMA6BKyuKYHST_5soZ0b1QtAQfkg.Hahq8iH3OgZyqTtTO9RvtyLcwr9fV8XJtrw9rn3LZJYg.JPEG.ellruah%2F20180926_201016.jpg,https://search.pstatic.net/common/?autoRotate=true&quality=95&type=f180_180&src=http%3A%2F%2Fblogfiles.naver.net%2FMjAxODA4MTRfMjY2%2FMDAxNTM0MjI5OTA3OTU0.lKChTz8NBZSMzUXYG4ELL6770yDnjUjT02qvi-v92Asg.JpC-Nu8Q5L-t_YFGip-rsoUNlrGn2uYOliMNH1DcwXEg.JPEG.anazzou%2FIMG_3028.jpg,https://search.pstatic.net/common/?autoRotate=true&quality=95&type=f180_180&src=http%3A%2F%2Fblogfiles.naver.net%2FMjAyMTA1MThfMTUz%2FMDAxNjIxMjk1MjQwNTIz.yZqv8KhS1spX_hbeNzNvPUBwYL7Uo5RxD-jEYLIjrigg.YL4Ow6F7Pbcg1UmcTmUDR3FPlXxDQGwm_M2z2fARDIwg.JPEG.havefun_%2FKakaoTalk_20210518_083501208.jpg,https://search.pstatic.net/common/?autoRotate=true&quality=95&type=f180_180&src=http%3A%2F%2Fblogfiles.naver.net%2FMjAxODA4MTdfMTA4%2FMDAxNTM0NDkyMDc2MTQ1.E6XvIU3mz9li4BSkj7oGbC8eWRcHZncOMRlhMM4bjcQg.sCa-OFJLyFtfSU_7eSTJ5gllTyugHlmzmuhkrR-0OKgg.JPEG.bboguri8484%2F1534491370044.jpg,https://search.pstatic.net/common/?autoRotate=true&quality=95&type=f180_180&src=http%3A%2F%2Fblogfiles.naver.net%2FMjAxODA4MjZfMTc2%2FMDAxNTM1MjE1MTI2NTc3.Yn7Bdsnbnaf_LyQ0jNJ7nBwFEx7L6WvbKOV5v62irxog.u-A2KwYFsAYVPlMK9sGhbmSwLNgB3t1xA3aWBXfFBu8g.JPEG.flowerkatiek%2FLRG_DSC06484.jpg,https://search.pstatic.net/common/?autoRotate=true&quality=95&type=f180_180&src=http%3A%2F%2Fblogfiles.naver.net%2F20151129_261%2Fkje9820_1448772119873blVhM_JPEG%2FNaverBlog_20151129_134159_59.jpg,https://search.pstatic.net/common/?autoRotate=true&quality=95&type=f180_180&src=http%3A%2F%2Fblogfiles.naver.net%2FMjAyMTA4MTNfMTQw%2FMDAxNjI4ODMyMDc5MTEw.jGHCBLN8YzvEFhUJc5_uITwcPOREGIqCGBBcFstJ-Asg.rwH0DvmucByRjGPjyXy6aMzmU7nVYTtQRUJxgs0ytO0g.JPEG.ksuzll%2FIMG_9533.jpg,https://search.pstatic.net/common/?autoRotate=true&quality=95&type=f180_180&src=http%3A%2F%2Fblogfiles.naver.net%2FMjAyMDA4MTJfMjcw%2FMDAxNTk3MjIzMTUzOTUy.rXTnGnZqjF3aQYBm9RtH6-PIgUuKwZFtjaxIC-_gW1Mg.IFmnV5ZIeRQEj6IWnfH4xqQu5m6mWb1685NNTQhqnNUg.JPEG.bottleplace%2FKakaoTalk_20200808_162623523_27.jpg,https://search.pstatic.net/common/?autoRotate=true&quality=95&type=f180_180&src=http%3A%2F%2Fblogfiles.naver.net%2FMjAyMTA4MTZfMTg5%2FMDAxNjI5MDk3ODc4MDkw.XRsuUrc8em-nEshbe6IgEyzIOYtGNiyH0UPDXcZfCfIg.5n4N-5YGXM4zFHlRi3p8Ie1l9PdendOt2Kldw2ZN1DMg.JPEG.chai28%2FIMG_8307.jpg,https://search.pstatic.net/common/?autoRotate=true&quality=95&type=f180_180&src=http%3A%2F%2Fblogfiles.naver.net%2FMjAxODEwMjFfNjQg%2FMDAxNTQwMTI0MjAwMTIy.TLqi3eScEc43id7DmKJWGhPJDGH-3etepqRQ80frFsog.U00vSIvDMLId_uIGliskNS_Ci28RNQUcVopHxLadewAg.JPEG.noyoengnorang%2F3472388075171546152_20181021154031648.jpg,https://search.pstatic.net/common/?autoRotate=true&quality=95&type=f180_180&src=http%3A%2F%2Fblogfiles.naver.net%2FMjAxOTA2MDVfMTUg%2FMDAxNTU5NzA0MTc5MzU1.oxzHCuvNAZXAAHeUdMsFlC7WLF7VQL3PrvUEIUex8Lcg.7DBL6ogxQseVDnFYUb-20F7P2udDa4PDMrDc0jS3S-0g.JPEG.be-focus%2F20190513_180820.jpg,https://search.pstatic.net/common/?autoRotate=true&quality=95&type=f180_180&src=http%3A%2F%2Fblogfiles.naver.net%2FMjAyMTExMDNfNzIg%2FMDAxNjM1OTM1NDM0OTIw.CYXP09l57JxT4_k6-XVs3_u5x58ahBgQeQm1BLMZEuUg.EiZirhx3WLZErHx4Cu9VVWHcFqV_bWdHK5Ckv80YmeIg.JPEG.mochi_w%2F20211101%25A3%25DF122651.jpg","https://search.pstatic.net/common/?autoRotate=true&quality=95&type=f180_180&src=http%3A%2F%2Fblogfiles.naver.net%2FMjAxNzExMjlfMjk2%2FMDAxNTExOTU2NzM3Mjc4.77VL7t4KZq1tob0s9GOVCe0EPGlOWyL15H-g35NQ80Qg.crTlgybfE4B5yWTEJD2EKKsHk0N6jtAS2ckDtdPG_AAg.JPEG.gktnwls1127%2FIMG_9113.jpg,https://search.pstatic.net/common/?autoRotate=true&quality=95&type=f180_180&src=http%3A%2F%2Fblogfiles.naver.net%2F20160317_179%2Fs__crystal_1458180668425uGVSW_JPEG%2FKakaoTalk_20160317_101217005.jpg,https://search.pstatic.net/common/?autoRotate=true&quality=95&type=f180_180&src=http%3A%2F%2Fblogfiles.naver.net%2FMjAyMjAxMTVfMjcw%2FMDAxNjQyMjQwMjA3MTkw.6WYN_bmu5Cj_1crI3AUiN7VqSl8ZsXaFSY9K7OWN1lAg.X2OhDzU-4mlPRgDDDxsWaoHyonwyAHYVnjtFto9oSp4g.JPEG.amukannah%2Foutput_3910229392.jpg,https://search.pstatic.net/common/?autoRotate=true&quality=95&type=f180_180&src=http%3A%2F%2Fblogfiles.naver.net%2FMjAyMTA5MDVfODEg%2FMDAxNjMwODMyMzc0NjQy.Iydcs-4Vr5FN74QMMAulGD-3rgEuI1VkWGQeonpCMAgg.Bt_f9KlEQvBtgSwlLB0U303OS1eNjrKfB3Q0jW2CQpEg.JPEG.jiex2%2F20210901%25A3%25DF124938.jpg,https://search.pstatic.net/common/?autoRotate=true&quality=95&type=f180_180&src=http%3A%2F%2Fblogfiles.naver.net%2FMjAyMTAyMjFfMTEy%2FMDAxNjEzOTA1MTc1MzI3.4t3fGbdPhLuH2xTq8NbVE0-SyVhhyvft6DG_y1a1J6gg.Q7YZcsKxOJN2InbwTrHG-_iBMxmKTQrIhEyc8FvZF1Eg.JPEG.yunmin0220%2FIMG_7637.JPG,https://search.pstatic.net/common/?autoRotate=true&quality=95&type=f180_180&src=http%3A%2F%2Fblogfiles.naver.net%2FMjAyMDAyMTZfMjk1%2FMDAxNTgxODMyNjEzMjM2.PbWZyvq6AuZZWI_XaQlyTTgeWm_9qOHxkR_-ktPZ_7wg.coCWTr-5pd2WRn_zittzPkoWw24kgSqUbk7MyTguzx0g.JPEG.light_3612%2F1581832612296.jpg,https://search.pstatic.net/common/?autoRotate=true&quality=95&type=f180_180&src=http%3A%2F%2Fblogfiles.naver.net%2FMjAxOTA2MDNfMTcg%2FMDAxNTU5NTIzNTIyNjM0.RtVDy1iT-0ffqtQDZ_PxLlI2pjZo19N9JFBmBSf-evog.-GKJ_BdyCyYiYLnQGkBc_L6XeOlX9DKJrRkpHabJGAwg.JPEG.guriguri890%2FKakaoTalk_20190603_094113300.jpg,https://search.pstatic.net/common/?autoRotate=true&quality=95&type=f180_180&src=http%3A%2F%2Fblogfiles.naver.net%2FMjAyMDA5MjlfMTkx%2FMDAxNjAxMzUyMzY2ODQy.sSGyKc9uTPB7PqpF7zsPuKveNDSlsIzw-sjH6UWefhsg.8AH3pYdPo-rLPkH1m_7XSRfDE74wH14VjyoY_HBu-oUg.JPEG.itsmine12%2FP20200926_132725975_86EF3EF9-C0A2-4EFD-8C18-974FABD72D38.jpg,https://search.pstatic.net/common/?autoRotate=true&quality=95&type=f180_180&src=http%3A%2F%2Fblogfiles.naver.net%2FMjAyMDExMTBfMTA0%2FMDAxNjA0OTk2MjM4NDc5.xUyY85vMAgajoMTsjCPmzKOhtNyv3ERly2REXMTs-2cg.FpZiqEsL_T7RqojjTYEtgjioT2TpdXtbuDSA9QEAvVQg.PNG.dltpfl11%2Fimage.png,https://search.pstatic.net/common/?autoRotate=true&quality=95&type=f180_180&src=http%3A%2F%2Fblogfiles.naver.net%2FMjAyMTAxMDJfMTk5%2FMDAxNjA5NTIxODc2MzQ4.oZF9ZBSq0VSbFbJd9664wGQEwJMiAXhdR6CT41zUfdEg.96ZTabqb9wuNCjvRFEqedO1ReAU83KPQdQZanyPOFdcg.JPEG.jbkim0226%2FIMG_0668.jpg,https://search.pstatic.net/common/?autoRotate=true&quality=95&type=f180_180&src=http%3A%2F%2Fblogfiles.naver.net%2F20151020_101%2Fgcchon_1445346405577v2y5f_JPEG%2FIMG_4375.JPG,https://search.pstatic.net/common/?autoRotate=true&quality=95&type=f180_180&src=http%3A%2F%2Fblogfiles.naver.net%2FMjAyMTA5MTNfMjUg%2FMDAxNjMxNDYwNzU3MjU0.GH_LEsU5NECMxI8MJAEpQG0d5JvP9uKYt0CVwizFAxIg.2lkPcOOZ8XMuhE1j0gnxY-rcIIsAggKz-TmTwTPc9tog.JPEG.0110pey%2FIMG_3887.JPG,https://search.pstatic.net/common/?autoRotate=true&quality=95&type=f180_180&src=http%3A%2F%2Fblogfiles.naver.net%2F20151020_205%2Fgcchon_1445349155492QsoCy_JPEG%2FIMG_4511.JPG,https://search.pstatic.net/common/?autoRotate=true&quality=95&type=f180_180&src=http%3A%2F%2Fblogfiles.naver.net%2F20150329_58%2Fvuexist_1427616685151BTgyB_JPEG%2FNaverBlog_20150329_171122_09.jpg,https://search.pstatic.net/common/?autoRotate=true&quality=95&type=f180_180&src=http%3A%2F%2Fblogfiles.naver.net%2FMjAyMTA1MDhfMTkx%2FMDAxNjIwNDgxMTY1MjI3.jEbuJK5KvDgNzMYrIq5Uqfh-094W1mBkx_ndhKolfZUg.jN7_QBmBaLlD4amgRWMX_AJDMAOhL0Y8o-mMTl9ppbUg.JPEG.hyoj03166%2FIMG_1954.JPG,https://search.pstatic.net/common/?autoRotate=true&quality=95&type=f180_180&src=http%3A%2F%2Fblogfiles.naver.net%2F20150105_241%2Fpipiupip_1420424300698rT8Ra_JPEG%2FDSC03918.JPG,https://search.pstatic.net/common/?autoRotate=true&quality=95&type=f180_180&src=http%3A%2F%2Fblogfiles.naver.net%2F20150725_162%2Fyjy0611_14378101353056JlTs_JPEG%2FP20150612_140645878_15ED2031-8A4D-497B-B3C2-FD7E9402274C.JPG,https://search.pstatic.net/common/?autoRotate=true&quality=95&type=f180_180&src=http%3A%2F%2Fblogfiles.naver.net%2F20160208_294%2Fcelina2611_1454863047091ExLO7_JPEG%2FP20160205_182425018_0D271DA3-BC8E-4416-A643-D9D32D046924.JPG,https://search.pstatic.net/common/?autoRotate=true&quality=95&type=f180_180&src=http%3A%2F%2Fblogfiles.naver.net%2FMjAxOTExMTJfMTU2%2FMDAxNTczNTQyODYxMTM5.Od9_iq-rrLwhv0cV2PBs5qgBJSvwjv7cKoBSqd1nHL4g.V5FiMPpWnGB4xY55ABncbS78PrcRhslhuO7tUv6kwJkg.JPEG.dlrudwls25%2F1573542860088.jpg,https://search.pstatic.net/common/?autoRotate=true&quality=95&type=f180_180&src=http%3A%2F%2Fblogfiles.naver.net%2F20150713_134%2Fcathy0113_1436774042726CKfVp_JPEG%2F20150511_114632.jpg,https://search.pstatic.net/common/?autoRotate=true&quality=95&type=f180_180&src=http%3A%2F%2Fblogfiles.naver.net%2FMjAyMTAxMjVfMjY1%2FMDAxNjExNTg0NTcxMDI3.dw597PATDgPexRjoq6CtvZFbbuofu9SNT-uX1SZP2UEg.558d9Ej9I7-JExtzxCn38DmcKgK4wbId9vkMsm6-G-Yg.JPEG.sayyo07%2F20210124_135410.jpg,https://search.pstatic.net/common/?autoRotate=true&quality=95&type=f180_180&src=http%3A%2F%2Fimage.nmv.naver.net%2Fblog_2021_09_04_45%2F0d6e650d-0d86-11ec-882d-48df37ae3dc4_01.jpg,https://search.pstatic.net/common/?autoRotate=true&quality=95&type=f180_180&src=http%3A%2F%2Fblogfiles.naver.net%2FMjAyMDA5MDZfMzcg%2FMDAxNTk5Mzk1Mzk4MDI5.HLS43An7DlzYUu9kqgP62ai8BNM_aReUSQGpEbmaQOgg.1FK8ZYlYHCPhIFtv-fqj0VbVymp75JNVh8-ba-ST9Vgg.JPEG.mcthelove19%2F%25C0%25E1%25BD%25C7_%25B9%25D9%25C0%25CC%25C5%25B7%25BD%25BA%25BF%25F6%25C7%25C1_%25C1%25D6%25C2%25F7_%25B9%25D7_%25C8%25C4%25B1%25E2_%2528feat_%25289%2529.jpg,https://search.pstatic.net/common/?autoRotate=true&quality=95&type=f180_180&src=http%3A%2F%2Fblogfiles.naver.net%2FMjAyMTA2MjBfMTIy%2FMDAxNjI0MTM1MDQ3MzI5.peu-tXGVKoTKp3P0z3iNFkumPStu3-2gcLwni_XgEEYg.r3A7sh6UhRKmIUyIAA2iLD1fVln93bBXxj6mUaQFd7Eg.JPEG.shucreampooh%2F1624052325140%25A3%25AD8.jpg,https://search.pstatic.net/common/?autoRotate=true&quality=95&type=f180_180&src=http%3A%2F%2Fblogfiles.naver.net%2F20150904_188%2Fjihyun0725_14413711333705bcYT_JPEG%2FDSC03669.JPG,https://search.pstatic.net/common/?autoRotate=true&quality=95&type=f180_180&src=http%3A%2F%2Fblogfiles.naver.net%2F20150329_86%2Fvuexist_14276166819819RD8N_JPEG%2FNaverBlog_20150329_171118_08.jpg,https://search.pstatic.net/common/?autoRotate=true&quality=95&type=f180_180&src=http%3A%2F%2Fblogfiles.naver.net%2FMjAyMDExMThfMTA1%2FMDAxNjA1NjQ2NzUwMzc4.-clqh4fFvl3nZy7X_Kusmd0WRlgAltFkXfRVEFuSO_Qg.7wWciL1KyGXgHmyT61QgkII787UtAMR3F_SZ0osP9Xkg.JPEG.hanaya_101%2F20201104%25A3%25DF181131.jpg,https://search.pstatic.net/common/?autoRotate=true&quality=95&type=f180_180&src=http%3A%2F%2Fblogfiles.naver.net%2FMjAxNjExMjJfMjA0%2FMDAxNDc5NzgyMDk0MDE5.s8uaBI7EwSohDPEFSSWqsI19wR_58o7CN7NBn6SQfI8g.5epgL42maGvChAnBJkjmZPSIh179MApQZ99I4hp1nBMg.JPEG.skyline0_0%2FDSC_0250.JPG,https://search.pstatic.net/common/?autoRotate=true&quality=95&type=f180_180&src=http%3A%2F%2Fblogfiles.naver.net%2FMjAxODA3MjhfMTY0%2FMDAxNTMyNzc5MjUwNDYw.wr4kgOyPDfsTmc_TperrxsqtouFwHexV5chrgUlWt0wg.bSZYr6vUnlcWwbH_QrjR6mZqKs1x-oCySM6OcEcnBQQg.JPEG.mingi585%2FIMG_2643.jpg,https://search.pstatic.net/common/?autoRotate=true&quality=95&type=f180_180&src=http%3A%2F%2Fblogfiles.naver.net%2FMjAxOTAxMjhfMjgy%2FMDAxNTQ4NjgyNTMxMDY5.bCG6B_7Yz4lkdld0mhxADyDO8z0SJQ7u4ZRsETGinjcg._eVw-HRgPdTRCSVEb5ErJgM_tqVJAzmvmt-terPb5nQg.JPEG.sjh6080%2FKakaoTalk_20190128_222005981.jpg"
2,빌즈 잠실,,양식,"빌즈 리코타 핫케이크,풀 오지",22400,4.2,2123,4291,"대표메뉴인 팬케이크랑 풀오지먹었습니다. 맛은 사실 엄청 맛있다고 할 순 없지만 브런치 먹고 싶을 때 무난히 잘 먹을 수 있는 정도입니다. 그리고 커피 양은 매우 적은 편이에요. 커트머리 직원 분 친절하셨어요!/유명한 곳인지 웨이팅이 길지만 앉아서 대기할 수 있는 의자가 있어서 괜찮았어요! 가격대가 있지만 잠실 놀러가면 브런치 먹으러 갈만 한 것 같아요:) 통창으로 되어있어서 햇빛도 잘 들어오고 좋아요!/사진 두개가 제일 맛있어요/항상 웨이팅이 심히 길어 오늘 연차쓴김에 가봤는데, 메뉴가 특이하지만 ,맛은 평범? 가격이 상당히 비싸네요. 한번 가봤으면 충분한듯. 억지로 시간내서 갈필요까지는??? 그냥 죽치고 앉아있는 여자들때문에 웨이팅이 긴거였음. 우리 들어가기 전부터 창가에 있던사람들이 우리 천천히 다먹고 갈때까지도 절대 일어날 생각을 안함 ㅋㅋㅋ 회전이 안되서 웨이팅이 엄청 김/그릴드치즈 샌드위치였나~ 치즈가 고소소하니 맛잇었어요 루꼴라같은 샐러드도 적당히짭잘해서 입맛을 돋궈줬어요 혼브👍🏻/역시!! 빌즈예요. 리코타치즈케이크 뿐 아니라 메뉴가 전반적으로 다 맛있어요!!! 오랜만의 방문이였는데 만족입니다/시간이 일러서 간단히 아이스룽고, 핫룽고, 연어샌드위치 먹고 벚꽃구경했어요~~/핫케이크 넘 배불러요,, 분위기 좋구 맛나여 요새는 주방 리모델링으로 요리는 (핫케이크 제외( 안되더라구요~~ 그래서 사람도 좀 적구 좋아요/3월1일방문 수플레팬케익 입니다 클레임 하려다 아이들과 방문하여서 그냥 나왔어요 맛은 물에 젖은 스콘이였네요 이런걸 어떻게 수플레팬케익이라는건지 리뷰원래 안남기는데 너무 실망스러워서 남겨요 다시는 먹고 싶지 않네요팬케익 맛집 이라뇨 ㅠ 개선부탁합니다/다 맛있는건 아니지만 중상은돼요","https://search.pstatic.net/common/?autoRotate=true&quality=95&type=f180_180&src=http%3A%2F%2Fblogfiles.naver.net%2FMjAxOTA1MTVfMTk0%2FMDAxNTU3OTA3NDk3Mzk0.2ShKTa-fLB2Z_igR3LuBkuBjq-yH_Q9n5Z5IqiZ-700g.KH3egjmfYNF1saW-onxr8cWlBz5U11fsPoBVgzP6UnIg.JPEG.uyeraa%2FIMG_0114.jpg,https://search.pstatic.net/common/?autoRotate=true&quality=95&type=f180_180&src=http%3A%2F%2Fblogfiles.naver.net%2FMjAxNzA3MjBfMTky%2FMDAxNTAwNTI1MTgxNzU0.j3APsfZeIIVcmpN5iQRrJQqSN62iDYuALRYcIkJ08aMg.PxKvJQNTmGzq0MS_eQHCMMvzaTIQpg4WJmwcRdtejyYg.JPEG.hwixoxo%2FP20170517_200840207_F7E9B581-6CAC-4342-BED8-FEB70002A318.JPG,https://search.pstatic.net/common/?autoRotate=true&quality=95&type=f180_180&src=http%3A%2F%2Fblogfiles.naver.net%2FMjAyMDAyMTBfMTQy%2FMDAxNTgxMzE2ODEyNjUz.XnhbnR9RghH5nE67wxinbeTTuOtzemQDq46prB7qlEEg.cVYI0gJKgzP14yq9Wr47e2nmfQ4dYSW0b5UDNp487SAg.JPEG.hihihio_o%2F9D7198E1-A676-46BA-84BA-96B1E6FB755A.jpg,https://search.pstatic.net/common/?autoRotate=true&quality=95&type=f180_180&src=http%3A%2F%2Fblogfiles.naver.net%2FMjAyMTExMjZfNTgg%2FMDAxNjM3ODk1NDg0NTgw.MUIoBv_8--y6KMYrmOUwoV5LEC9wgs6ehSgnSUoKTtkg.PFuE0S-luMi-f9aNaTNzybY2jCRIMp2lMJIDriB0FJQg.JPEG.inthe0428%2FIMG_3757.jpg,https://search.pstatic.net/common/?autoRotate=true&quality=95&type=f180_180&src=http%3A%2F%2Fblogfiles.naver.net%2FMjAxODExMDZfNDcg%2FMDAxNTQxNDQ4NjQ0NzQy.BANCK6IVumkcw6kqjEWU22Ugn4oejsGGEX8juEbmqlAg.Kq9cX8IK4lafJ7cPLMBd1u0wGN049bobHX06_k6-i74g.JPEG.kyokyo_at_home%2Fmit_00500.JPG,https://search.pstatic.net/common/?autoRotate=true&quality=95&type=f180_180&src=http%3A%2F%2Fblogfiles.naver.net%2F20151025_217%2Fellisha0706_1445705305689HsRTS_JPEG%2F060.JPG,https://search.pstatic.net/common/?autoRotate=true&quality=95&type=f180_180&src=http%3A%2F%2Fblogfiles.naver.net%2FMjAyMDA3MDJfMTU0%2FMDAxNTkzNjQ1MzU4NzQ3.MMYUGwgroO8jgglMZj_GE_u3w8hQ0hV-zW4ULrFcY-Qg.coyA9eqQHozfCkWhTT4YjZUsl-ilfxNO9JTyUwSkjLIg.JPEG.zmini2673%2Foutput_2972837549.jpg,https://search.pstatic.net/common/?autoRotate=true&quality=95&type=f180_180&src=http%3A%2F%2Fblogfiles.naver.net%2FMjAyMTA2MDZfOCAg%2FMDAxNjIyOTcxMDA4Nzkx.Ul7tPA0ONLIvg8U3yQJlq7DUyq6zBYIdCqvHp_qRBV8g.cmLKEiqtdwJKKIwAweJCFb2TxTZjuJQwpA-mVoZy_Lsg.JPEG.wwwjeecom%2FIMG_4066.jpg,https://search.pstatic.net/common/?autoRotate=true&quality=95&type=f180_180&src=http%3A%2F%2Fblogfiles.naver.net%2F20150901_50%2Flovelyhush_1441033687438Gt0Wx_JPEG%2FP20150831_154552211_27FCFC44-770A-4FB0-AFBF-9D855FED93C3.JPG,https://search.pstatic.net/common/?autoRotate=true&quality=95&type=f180_180&src=http%3A%2F%2Fblogfiles.naver.net%2FMjAyMjAxMDJfMjM5%2FMDAxNjQxMTAyOTQ2NjY0.f1mDeZVU_3Ub7eDoKNYznZcNWszmMghxCIb50Ba0hWog.7TQH0u2Eh_o-9H4gl9_zCwXK_NCuB_yilIwZ7lVDAiIg.JPEG.kimhyoje0ng%2FIMG_1076.JPG,https://search.pstatic.net/common/?autoRotate=true&quality=95&type=f180_180&src=http%3A%2F%2Fblogfiles.naver.net%2FMjAxODA0MTdfMTE1%2FMDAxNTIzOTYwMzI4NDAx.hYiM3pL8JNdYf4ZJza1dXhxcMTjtBpingda8SCWXFMYg.IyBODRrPnLEpq1PVp8LoB0q7BLZIEJa_hJFMe6PGPr8g.JPEG.bright_hk%2FIMG_2025.jpg,https://search.pstatic.net/common/?autoRotate=true&quality=95&type=f180_180&src=http%3A%2F%2Fblogfiles.naver.net%2F20151109_259%2Fdmsrnrkd_1447064806558jF8mE_JPEG%2FP20151105_170130062_BF36C08B-37B8-4528-9DC0-15D2FE2CC128.JPG,https://search.pstatic.net/common/?autoRotate=true&quality=95&type=f180_180&src=http%3A%2F%2Fblogfiles.naver.net%2FMjAyMjAyMjhfMjU1%2FMDAxNjQ2MDE0MDUxMzYy.s0vtFEJvbLrP2SPuXCy-dJKoN1AbDjbkMphwMhQbPFIg.SjEOOnUnyRAymkXSlxIdNi7rGWm3jrmEAX9MeXBLW7kg.JPEG.wjdals4504%2F1646014051488.jpg,https://search.pstatic.net/common/?autoRotate=true&quality=95&type=f180_180&src=http%3A%2F%2Fblogfiles.naver.net%2FMjAyMjAxMjVfMTc0%2FMDAxNjQzMTIwMjYyNzgw.6lqcsSdahi3GEIgBMN-bxDGDpyfZWmEdGtQKc5y4XBwg.8VIrwAojF88olnl58-shszmwPZjrUo4t6qkSU0eLdMcg.JPEG.lovesome_162%2Foutput_3711788694.jpg,https://search.pstatic.net/common/?autoRotate=true&quality=95&type=f180_180&src=http%3A%2F%2Fblogfiles.naver.net%2F20150218_122%2Fdanakimm_1424191719612paQVk_JPEG%2FIMG_4213.JPG,https://search.pstatic.net/common/?autoRotate=true&quality=95&type=f180_180&src=http%3A%2F%2Fblogfiles.naver.net%2FMjAyMTA0MjFfMjUz%2FMDAxNjE5MDE2MDc2ODY3.S6-zpgE5GaCljOe2t5XmyzYrIFPiT7NePhQBGvnW3iEg.IFvZXex9FmjDQDxf2GCj9vF7eCc1LZgTZAN2o2YnYKIg.JPEG.wkduswldms%2F20210421%25A3%25DF120946.jpg,https://search.pstatic.net/common/?autoRotate=true&quality=95&type=f180_180&src=http%3A%2F%2Fblogfiles.naver.net%2F20160321_170%2Fcsj100479_1458546118792i7MHl_JPEG%2F20160317_110554.jpg,https://search.pstatic.net/common/?autoRotate=true&quality=95&type=f180_180&src=http%3A%2F%2Fblogfiles.naver.net%2FMjAyMDA4MDlfNDMg%2FMDAxNTk2OTMzMzU5MTI0.qLUT7zxAPfLR3tY56e0LfuU1Y2ndX7UnWlrzrtGAo9Mg.GXAgYUhwl9PI9sRQUiwwmP435x6qYb21hXZgZBK1PPsg.JPEG.jsar22%2F1596933359803.jpg,https://search.pstatic.net/common/?autoRotate=true&quality=95&type=f180_180&src=http%3A%2F%2Fblogfiles.naver.net%2FMjAyMjA0MTBfMTUy%2FMDAxNjQ5NTk1ODY4MDM4.04QFHbsqeZFakUX-7I-9W_0tVQxfJ2TjKIy3Q5vgwJsg.vRDzoZVZa4O3U-cp_Iv9XYlKQBaH9wdeVl8iXBV3O3Eg.JPEG.autumncloud%2FKakaoTalk_20220409_231606792_15.jpg,https://search.pstatic.net/common/?autoRotate=true&quality=95&type=f180_180&src=http%3A%2F%2Fblogfiles.naver.net%2FMjAyMTAzMjVfMjY1%2FMDAxNjE2NjcxMDUyNDM0.5RFuwyNa9S1jK_JsjIeDPqeqlQPWfZlVNtKACqiyWvIg.ffIIcXNlOFZ3L6OZJyJYD8nmPS4nyeHhiZIbbR42vQgg.JPEG.kjm20020909%2FIMG%25A3%25DF20210322%25A3%25DF085948%25A3%25DF523.jpg,https://search.pstatic.net/common/?autoRotate=true&quality=95&type=f180_180&src=http%3A%2F%2Fblogfiles.naver.net%2FMjAyMTA4MDhfMjcy%2FMDAxNjI4MzgwNjA4Nzgx.PLGac7yM_mtanl8E6lWYNpSGKQBJqLG3b-WcITP3DrQg.RdJMFpOzWV5RxqqPEQyPecbaHZHzSeCcU3H3vRsg8Bsg.JPEG.mandy831%2FDSC09571.JPG,https://search.pstatic.net/common/?autoRotate=true&quality=95&type=f180_180&src=http%3A%2F%2Fblogfiles.naver.net%2F20160517_142%2Fkranken2_1463453245616W1kSN_JPEG%2FDSC06417.JPG,https://search.pstatic.net/common/?autoRotate=true&quality=95&type=f180_180&src=http%3A%2F%2Fblogfiles.naver.net%2FMjAxODAzMDVfMTAz%2FMDAxNTIwMTc2MzI0MDIz.tgkHzaTkNNDvD_eCVL7RUNTrtxyfU2SkWr57JIM1hi8g.huYdTtX8Up_57m5wp3b7CFVWxAs8xHMFAFyADo6rEQUg.JPEG.oleehamo%2Foutput_2828757610.jpg,https://search.pstatic.net/common/?autoRotate=true&quality=95&type=f180_180&src=http%3A%2F%2Fblogfiles.naver.net%2FMjAxNzAyMDJfMjMz%2FMDAxNDg2MDM1MjU2MDYw.E0ULL6DCXPWJ1oeGaCjDfZzP_CO24gx7p0Pex9WmLFcg.bBkXetG3jhrlZ-9f2IsiOC2coQDP1wRxeZL80ufK0ucg.JPEG.hogr1203%2FIMG_6164.JPG,https://search.pstatic.net/common/?autoRotate=true&quality=95&type=f180_180&src=http%3A%2F%2Fblogfiles.naver.net%2F20141019_130%2Fhwkim2112_1413695360820EleFq_JPEG%2F20141017_215143.jpg,https://search.pstatic.net/common/?autoRotate=true&quality=95&type=f180_180&src=http%3A%2F%2Fblogfiles.naver.net%2FMjAxODA0MTlfMTI4%2FMDAxNTI0MDk4NjE3NjQ2.TDykBgwTn_KhRYUffP8lc1CiAVZCsRwB6Nh4IMq-154g.OLiEVgbj8FlpdmLM_L0g6SviXBa-t9KI3uZK5tIRn28g.JPEG.inallstyle%2Foutput_775240736.jpg,https://search.pstatic.net/common/?autoRotate=true&quality=95&type=f180_180&src=http%3A%2F%2Fblogfiles.naver.net%2FMjAyMDAxMjBfMjQy%2FMDAxNTc5NDk4ODg3Nzgx.38LNc8UVqitR166PLgg2MQQZlmWpHdOGqASP1OcMS84g.46AWUdH3_omS_e09axPzsxKijI3bgJzjYjtARwf9koMg.JPEG.kjwnine%2FIMG_2385.JPG,https://search.pstatic.net/common/?autoRotate=true&quality=95&type=f180_180&src=http%3A%2F%2Fblogfiles.naver.net%2FMjAxOTA2MTlfMTky%2FMDAxNTYwOTEwNjE5NDcz.FiscfXa5Ee_6ey0SdB9UjOMjMuXRZoo2tG8nQTakQLEg.UDORuy4s2MBOwlIYF-NtpoNZR63fi4ocXTMxcO_9QaIg.JPEG.wlgp1944%2FIMG_2576.jpg,https://search.pstatic.net/common/?autoRotate=true&quality=95&type=f180_180&src=http%3A%2F%2Fblogfiles.naver.net%2FMjAxNzAzMjNfMTg2%2FMDAxNDkwMjczMTY4NDUw.G2lwjMteUurlYnouykccRxMk0Ynvczf3WmrrUJsjtugg.kRcTUCDz6OScAnR7UyMbBaDpGkfkn0d9bFSxoElkXuAg.JPEG.wkdrmsp%2FIMG_5765.JPG,https://search.pstatic.net/common/?autoRotate=true&quality=95&type=f180_180&src=http%3A%2F%2Fblogfiles.naver.net%2FMjAxODA3MjNfMTQx%2FMDAxNTMyMzE4MTMxMzEw.QD75OS6s1wxzjgbNI9FBM2kNK3Q65gizbEHtXKIa2_gg.wuLwjIN0FOiSNNBohQLMtPzbFcjGDBY-NWPfcyNCQaUg.JPEG.dosel91078%2F2018-07-07-17-33-48.jpg","https://search.pstatic.net/common/?autoRotate=true&quality=95&type=f180_180&src=http%3A%2F%2Fblogfiles.naver.net%2F20150706_231%2Fh0tchick_1436161086538DgpQF_JPEG%2FNaverBlog_20150706_143806_05.jpg,https://search.pstatic.net/common/?autoRotate=true&quality=95&type=f180_180&src=http%3A%2F%2Fblogfiles.naver.net%2FMjAxODExMDRfMjE1%2FMDAxNTQxMzE4OTc5MTcy.D0pjAwl6rkR85oPpjFti9HPS3xRcUoQcmemFq8RV6gkg.7IcusgE-VhSiwfMWqPo2RxUBbt-mJdDad3jDfLZMBhIg.JPEG.tmfekgks%2FIMG_1497.jpg,https://search.pstatic.net/common/?autoRotate=true&quality=95&type=f180_180&src=http%3A%2F%2Fblogfiles.naver.net%2FMjAxODA4MTJfMjI4%2FMDAxNTM0MDUyODg2MDMx.Lar_AxwxyJeVpgyfLGD27Fxbr9_sUiXuHMlidnJd28Ag.V42KJTD7leOqZ_Wt8ciQ8cK3HGWDrh2jEeX-dJ8QiOwg.JPEG.yjjh1994%2Foutput_4242910257.jpg,https://search.pstatic.net/common/?autoRotate=true&quality=95&type=f180_180&src=http%3A%2F%2Fblogfiles.naver.net%2FMjAxODEyMTFfMjQ0%2FMDAxNTQ0NTA2MTI4NjA2.EOV-JYqfv6F0uiM1kcmDTV1l1Q07AZI7YgrpNu0Q_x0g.hK3WZ4YuLuEVQ40E1Nx_HPVr8VcWZdwOtFCv-OV2Sysg.JPEG.sona126%2FIMG_3014.jpg,https://search.pstatic.net/common/?autoRotate=true&quality=95&type=f180_180&src=http%3A%2F%2Fblogfiles.naver.net%2FMjAyMTA4MjZfMjY2%2FMDAxNjI5OTY5NzY4MjE0.xctl3EaX3OrE9_ADvDEoMevoYd9Ef08FB7HDRbSi758g.Y6SWLIRNunde8cPxMt3Ad6AkLG128ZX2SQiuOgl5Iiog.JPEG.kyee28%2FIMG_9655.jpg,https://search.pstatic.net/common/?autoRotate=true&quality=95&type=f180_180&src=http%3A%2F%2Fblogfiles.naver.net%2FMjAyMDA0MTRfMTYg%2FMDAxNTg2ODIwMzEyNTU5.wAmm3I1B0rNKCX4CNiBHm8-5Nr4t04Gfo8XDURpCT_gg.9WCtlO6EuLA4OrN3YO2FugDtwp2pAuQ32ZPJhIEdiKsg.JPEG.chzh9757%2FIMG_1008.jpg,https://search.pstatic.net/common/?autoRotate=true&quality=95&type=f180_180&src=http%3A%2F%2Fblogfiles.naver.net%2FMjAxODA3MTZfMTM2%2FMDAxNTMxNzAyMjAwODIx.MPGgK8XtSsImTiW-kiy169Lhpn4qjNyUQ2qev6F8NLEg.zFGwxygM2O2HihFRfAgTAVNdx6kk9bAlzt57Z0H2iI0g.JPEG.amycha7%2FIMG_8544.jpg,https://search.pstatic.net/common/?autoRotate=true&quality=95&type=f180_180&src=http%3A%2F%2Fblogfiles.naver.net%2FMjAxNzA4MjFfMjY4%2FMDAxNTAzMzIxMjcxNTUz.x1M5o3bwIV43D4b5X28lMv5EHlLMXv4oyqQKkQxG74Mg._ycP9H8GOfZlc0tOiVPBcoVkd5OSn9LcKD8SkKDagCsg.JPEG.essayez%2Fse3_image_1277756146.jpg,https://search.pstatic.net/common/?autoRotate=true&quality=95&type=f180_180&src=http%3A%2F%2Fblogfiles.naver.net%2FMjAyMDAzMDFfMTc0%2FMDAxNTgzMDUxODE2NTkx.yD1chJzkW-8ckShqjbt8pUSKZ5LbERekE2UOXAQkoqYg.v3hNUtHbGz_UiJGjGoZ5J2-h_l1ZOvDljr8wCBBsmxUg.JPEG.africado%2FIMG_3010.JPG,https://search.pstatic.net/common/?autoRotate=true&quality=95&type=f180_180&src=http%3A%2F%2Fblogfiles.naver.net%2FMjAxNzEyMDZfNzUg%2FMDAxNTEyNDk5Mjg3NDM0.2CRmFgV49nNhChhJaqSEWF71Smp6ouKZOS7p8pQyTdgg.Ix6WxXJ4UFLNNuiHSv8qwJZDrssCUkz2xOiw2RZtxb8g.JPEG.artatelier3%2F%25BA%25F4%25C1%25EE%25C0%25E1%25BD%25C7_%25281%2529.jpg,https://search.pstatic.net/common/?autoRotate=true&quality=95&type=f180_180&src=http%3A%2F%2Fblogfiles.naver.net%2FMjAxOTAxMTVfMjU0%2FMDAxNTQ3NTI2MjU2ODM4.pE6snasRjDi2dSNU5NpUz5_reGybS3xaiIqASbFYeCAg.zRhiqgWWyycLgVRzNYdP5-K_xLGa6zqCSJe2w1Du92Eg.JPEG.ziahziah%2Foutput_983743191.jpg,https://search.pstatic.net/common/?autoRotate=true&quality=95&type=f180_180&src=http%3A%2F%2Fblogfiles.naver.net%2F20160308_36%2Fsssinnn_1457400934802YbPMd_JPEG%2FKakaoTalk_20160307_161645089.jpg,https://search.pstatic.net/common/?autoRotate=true&quality=95&type=f180_180&src=http%3A%2F%2Fblogfiles.naver.net%2FMjAxNzAzMTdfMTY3%2FMDAxNDg5NzYyMTU4MDk2.nZG0OarTOKKLcmB_7rkL4HeBVvUJn5THO2-5u73gf8Mg.tBLrpMgzR5OahetVaxtwwLniQSwUWkhSA14JDLegRwUg.JPEG.yssssseung%2FP20170315_154833142_CA9911BD-BBE5-4B52-A526-8389F90DE8EB.JPG,https://search.pstatic.net/common/?autoRotate=true&quality=95&type=f180_180&src=http%3A%2F%2Fblogfiles.naver.net%2F20150402_130%2Fbluekssr_1427947697786YGDca_JPEG%2FIMG_2660.JPG,https://search.pstatic.net/common/?autoRotate=true&quality=95&type=f180_180&src=http%3A%2F%2Fblogfiles.naver.net%2FMjAyMjAzMTBfMTEx%2FMDAxNjQ2ODc3NTM1MjAx.1znsVYff_ZTGLtPp9xPcKnG7j043vA9VWZsmfoMs8qIg.7JkuosmTD4uQWsiOfKgbauxI4itWEUpLsB5UWO4_-asg.JPEG.rabbit522%2FIMG_1467.JPG,https://search.pstatic.net/common/?autoRotate=true&quality=95&type=f180_180&src=http%3A%2F%2Fblogfiles.naver.net%2FMjAxODAxMTFfOTUg%2FMDAxNTE1NjUyNzYyMDU2.k4xu_yXEQs1Aa8Y8a7Hmb8nbRpPpimjcrIgWFQ9mJUcg.j_x2OQQcPj7IXxGeosEx8wShQnMmTVuVLT5QeTeFlKgg.JPEG.s_oogle%2FIMG_2515.jpg,https://search.pstatic.net/common/?autoRotate=true&quality=95&type=f180_180&src=http%3A%2F%2Fblogfiles.naver.net%2F20150831_235%2Fswordfish_1440989854807GJQyG_JPEG%2FDSC06194.JPG,https://search.pstatic.net/common/?autoRotate=true&quality=95&type=f180_180&src=http%3A%2F%2Fblogfiles.naver.net%2FMjAyMTAzMThfNTcg%2FMDAxNjE2MDY5NDQ4NTI3.jqYypAoXeNYMbE9lVxac9KqeiqBc9zro1bm59jlh4h8g.a9pW-joTwC8UQ6Azd-xLNAHlMrGkKEdXYhzNq3-Uq6Ag.JPEG.igo9000%2Foutput_3475272670.jpg,https://search.pstatic.net/common/?autoRotate=true&quality=95&type=f180_180&src=http%3A%2F%2Fblogfiles.naver.net%2FMjAxNzEyMDJfMTcz%2FMDAxNTEyMjIxMTY5NjIy.SVmAzjwJJOL_k2ksbvL61Z9RzLSoh57rSeqyaDyJeIYg.y8kchLjhZdfXEqbUKG74uus4H_0NH9N8wPuBX-2B2Ecg.JPEG.el512%2FP2650015.JPG,https://search.pstatic.net/common/?autoRotate=true&quality=95&type=f180_180&src=http%3A%2F%2Fblogfiles.naver.net%2FMjAxOTA4MDVfMjg0%2FMDAxNTY0OTk0NjAxNzI3.xyLgvQU0Qt37NhwwFIcoFhpoH-TPVSOhYqV3Lyd7dj0g.z3htvxU33NKET-vM-f6PyxqHVLy-cbsJL9dSieK4YaAg.JPEG.hong_blossom%2F%25C0%25E1%25BD%25C7_%25BA%25F4%25C1%25EE_9.jpg,https://search.pstatic.net/common/?autoRotate=true&quality=95&type=f180_180&src=http%3A%2F%2Fblogfiles.naver.net%2F20150922_188%2Fmint_january_1442853049266easuQ_JPEG%2FDSC09350.jpg,https://search.pstatic.net/common/?autoRotate=true&quality=95&type=f180_180&src=http%3A%2F%2Fblogfiles.naver.net%2FMjAxNzA1MDZfMjUx%2FMDAxNDk0MDc3ODMwNTE4.efBVV5oUkeuD7KPiUGlah92UGpq1TYWCek0hFc6uB5cg.We5d3O2ahTnoH64wJWAXqKeNr_qICB92BBeS3bgn2qQg.JPEG.travel_lover%2FIMG_4133.jpg,https://search.pstatic.net/common/?autoRotate=true&quality=95&type=f180_180&src=http%3A%2F%2Fblogfiles.naver.net%2FMjAxOTEyMjBfMjg1%2FMDAxNTc2ODM0NDU1NTM4.5Zmvfl3gxG5fGxNBRbPqRrGdF9vJnQ7Prj4wrDm6mLwg.iHb55lbaBlzWEJDGbGPzzEybNK-YYA9E62d99pEZ59Ag.JPEG.hmhm123%2FF47D46D7-A2C7-4309-A0C7-A02B45D07913.jpeg,https://search.pstatic.net/common/?autoRotate=true&quality=95&type=f180_180&src=http%3A%2F%2Fblogfiles.naver.net%2FMjAxODA0MjJfMTc3%2FMDAxNTI0Mzg5MTk0NjQ5.2Z72Y-2CZ5Mj8pgebNCddrtSwgx4TygsvF2j_BKqbLMg.uOywK1miU3t1KWTl6oqkgzCbT4VTo--1rwZCAyQnaIUg.JPEG.virgin99%2F1524388792689.jpg,https://search.pstatic.net/common/?autoRotate=true&quality=95&type=f180_180&src=http%3A%2F%2Fblogfiles.naver.net%2FMjAxNzA4MjRfMjky%2FMDAxNTAzNTU4NDc3NjA2.i45iczP5StJ9fACWz9K4-zCIm4j87RA-PDRPFA83JYog.KkDfDF8pe92MucfbT4DOYpze0Ngeng40Rcn7JS9cc1sg.JPEG.hoihoihoi26%2FIMG_7688.jpg,https://search.pstatic.net/common/?autoRotate=true&quality=95&type=f180_180&src=http%3A%2F%2Fblogfiles.naver.net%2F20160208_170%2Fshoeaholic11_1454921122214QFw9s_JPEG%2FIMG_1699.jpg,https://search.pstatic.net/common/?autoRotate=true&quality=95&type=f180_180&src=http%3A%2F%2Fblogfiles.naver.net%2FMjAxNzA5MTZfMjkx%2FMDAxNTA1NTQ4NDI4MjQ2.lBpbJTIceZQTh-cMjYyXkZgqE-O8ciN_5ubwaa9IBpAg.6ShMC-lXu6FeDeMy_IbAqhLx0QjuFiKHYFYqJXw9dAQg.JPEG.dkdkdk-%2FIMG_4966.jpg,https://search.pstatic.net/common/?autoRotate=true&quality=95&type=f180_180&src=http%3A%2F%2Fblogfiles.naver.net%2FMjAyMDA3MDFfMTA4%2FMDAxNTkzNTQ1NzcwNjU0.x30BOCgvf5F4DoOFgEUOn4K4X-P5x_1-du_LjxI-zMYg.6pCjaz_G90wwSSEKpal-RUjmORPf8YVG9E1tsHgD0KEg.JPEG.mint7939%2FIMG_7637.JPG,https://search.pstatic.net/common/?autoRotate=true&quality=95&type=f180_180&src=http%3A%2F%2Fblogfiles.naver.net%2F20160203_289%2Fnorthgirl_1454497774947oxp5j_JPEG%2FKakaoTalk_20160203_170830612.jpg,https://search.pstatic.net/common/?autoRotate=true&quality=95&type=f180_180&src=http%3A%2F%2Fblogfiles.naver.net%2FMjAxNzExMjNfMTg3%2FMDAxNTExNDA5MzMwNDIw.1DM1NjSaa70fJRxhkyvYzjgsbdSDglONUkQeXwmxHNQg.6z4Gw5LFnIG7WVjc-0EQDKCIPpBYQsgOqrc_H-IEA9Qg.JPEG.vita_je%2F20171122_145741.jpg"
3,한뭉티기,,"육류,고기요리","한우육회비빔밥,뭉티기(육사시미),소고기국밥,갈비탕,소곱창전골 중,소갈비찜 중,한우육전",31142,4.37,130,237,"맛도 있었고 육빔 양도 적당적당 했습니다. 양념장은 챔기름장으로 고소하게 맛있더라구요. 육회비빔밥 기본 12,000 특 17,000 이라서 가격은 좀 있는편 같아요./정말 맛있는데 육회양은 점차 줄고 가격은 오르는듯..ㅠㅠ/육회 비빕밥 특 양이 적어요. 일반 보통보다 작다고 해야 하나 양이 적은것 외엔 괜찮아요/맛있어요!/친절하시네요/맛있어요/굿/갈비탕강추! 밑반찬도 정갈하고 맛있어요/좋아요/메인인 육회비빔밥은 고추장 양념이 아니어서 자극적이지 않습니다. 그렇다고 간이 약하거나 맛이없는게 아닌 또 다른 맛있음입니다. 미나리가 들어있어 향이 꽤 좋습니다.반찬도 간이 세지않고 적당해서 밥없이 먹어도 그렇게 짜게 느껴지지않습니다. 깍두기는 맛있었지만 제 입맛은 아니어서 조금 아쉬웠네요.무국은 삼삼하게 맛있습니다. 특히 백김치가 가장 맛이 좋았습니다.직원분들도 친절하시고 자리도 깨끗한 편이었습니다.","https://search.pstatic.net/common/?autoRotate=true&quality=95&type=f180_180&src=http%3A%2F%2Fblogfiles.naver.net%2FMjAyMDAzMTFfMjY5%2FMDAxNTgzODk2MzA5NDU4.8zYFEmrvTgZMx5iBWAoUvzUJt08GcBatHQO5QnomdgQg.D1INhjcdsx5nAaN9XF6GWqfx9Hzs0Z_Ck_XmFt9iiF8g.JPEG.kang3ku%2F1581829954300.jpg,https://search.pstatic.net/common/?autoRotate=true&quality=95&type=f180_180&src=http%3A%2F%2Fblogfiles.naver.net%2FMjAyMTA0MDVfMjI3%2FMDAxNjE3NTkzODM2NTM4.uk_pNuFtw6ate0l0A54N78vxB4KxQIKH75OhLehvczAg.ZdCn_LK3jbd2EY-nmSbkp2uvOsRwXUGsgmm94ggN10sg.JPEG.ops1200%2F20210403%25A3%25DF152328.jpg,https://search.pstatic.net/common/?autoRotate=true&quality=95&type=f180_180&src=http%3A%2F%2Fblogfiles.naver.net%2FMjAyMTA2MjlfMjU2%2FMDAxNjI0OTc3NzM0ODg5.1-geiwdOaLoUXis-XHsbO9sFYS-KmkjgiQWwXmho3TUg.a-FO5-TDWImBvqLs1ZjJ9sDXCoSu0YPQqZNDuTIKrx4g.JPEG.newgyeon%2F20210628%25A3%25DF114814.jpg,https://search.pstatic.net/common/?autoRotate=true&quality=95&type=f180_180&src=http%3A%2F%2Fblogfiles.naver.net%2FMjAyMTA2MjNfMTYg%2FMDAxNjI0NDUxODA2MTIy.-3L6GXvOoMVUtgCazy2KMqJpBnGazwBrOZu_8SVtp6Mg.7K9aIgwVS_M4_ZL0j171I3x5FVDBYvq6qMapxtkaorYg.JPEG.tjsalxogus%2F20210623%25A3%25DF191214.jpg,https://search.pstatic.net/common/?autoRotate=true&quality=95&type=f180_180&src=http%3A%2F%2Fblogfiles.naver.net%2FMjAyMDAxMTdfOTAg%2FMDAxNTc5MjUyMzAzMjQw.4WvUZamlUMKQEVEYffLoikpe7UHPNXpz6VGvTzPcMS0g.HS4ed2iFJw0327tS1F57gBqrt-t5KQUtSeCTzNhMSZwg.JPEG.whilena%2F1579252302714.jpg,https://search.pstatic.net/common/?autoRotate=true&quality=95&type=f180_180&src=http%3A%2F%2Fblogfiles.naver.net%2FMjAyMTA0MDVfMTc2%2FMDAxNjE3NTkzODM4OTMw.ehs-yeS5bm_Y4mGyZacRya7TLxvwEEL2UBNLpr-JP-0g.T_HmMA8XlOFN19U5tC2Agr6MOD84wWxmS5kVDJAK-vog.JPEG.ops1200%2F20210403%25A3%25DF152745.jpg,https://search.pstatic.net/common/?autoRotate=true&quality=95&type=f180_180&src=http%3A%2F%2Fblogfiles.naver.net%2FMjAyMjAzMDJfMjky%2FMDAxNjQ2MTk4NTgwNjY4.6hNideBmZNNpL0KypWv7um8_YjLGlOYqC1lxj9jQjhYg.EjCqX2-2gOSUrIySpO5ccoq4g7gWfVANo2bu852kx-sg.JPEG.dongsuk0505%2F20220126%25A3%25DF200319.jpg,https://search.pstatic.net/common/?autoRotate=true&quality=95&type=f180_180&src=http%3A%2F%2Fblogfiles.naver.net%2FMjAyMDAzMTFfMTY4%2FMDAxNTgzODk2MzI2ODQ3.W-ix1338bufaxmcZWtAVQVdn0Beq2m_R82pod0f6sv4g.yYWBXMSDplHm8bq2KgWwWSdo1KMxtxqKWUkv2D1kt40g.JPEG.kang3ku%2F1581829953587.jpg,https://search.pstatic.net/common/?autoRotate=true&quality=95&type=f180_180&src=http%3A%2F%2Fblogfiles.naver.net%2FMjAyMDAxMTdfMjMg%2FMDAxNTc5MjUyMzEyMzUz.zdDSMgb8xf6bWC0OUgNVRFIvmW7qwgjSvD1dgnmdStog.DuNV2-0lXpkRomRjaFihpYPo2UXudzLlOoh-0-NC8Fog.JPEG.whilena%2F1579252311823.jpg,https://search.pstatic.net/common/?autoRotate=true&quality=95&type=f180_180&src=http%3A%2F%2Fblogfiles.naver.net%2FMjAyMDEwMTZfMTMz%2FMDAxNjAyODMwNDQyODY4.RBBte1-EPamfcL7816_uWWZ7jKSsyoLqkDBQcU5jAXIg.L8427QgXNcYVoaN3bQ8-qtd51-gnuSMNyqlkqo18rssg.JPEG.10004hyeongtong%2F1602830441403.jpg,https://search.pstatic.net/common/?autoRotate=true&quality=95&type=f180_180&src=http%3A%2F%2Fblogfiles.naver.net%2FMjAyMDA5MDVfMTcw%2FMDAxNTk5MzA4OTYwNTgy.8FceDWniPjpk8FS7Bxzt1-UaW21UoqVN4T5cK-WgEOkg.PAAi34onkcJ1Txyttesnp9uklynSNwzJzAwOqCQqTAgg.JPEG.nest_2000%2F20200905_111625.jpg,https://search.pstatic.net/common/?autoRotate=true&quality=95&type=f180_180&src=http%3A%2F%2Fblogfiles.naver.net%2FMjAyMTExMzBfMjE0%2FMDAxNjM4MjA5Mzg3NDMw.ynHFn2r1Y8NcgWo4EB5_FMtbzd9VvIE_7Trv3ZJAa6cg.RElTCaFkBlsSJ4OqY4i-yLQIZq0durTryOKVeHWnwqkg.JPEG.desm_h%2FIMG_0524.jpg,https://search.pstatic.net/common/?autoRotate=true&quality=95&type=f180_180&src=http%3A%2F%2Fblogfiles.naver.net%2FMjAyMjA0MDdfMTYw%2FMDAxNjQ5MzI5MzE4MDUw.4Cz6Ps6CCIg9FCIafh9mIxjoZPuCpXa1qVA9g-o1720g.m0tSDgUHjr5kpXitcwqMEyEVhOc8xNSmzXrpjPpJ2VUg.JPEG.yama1s%2F20220404%25A3%25DF192302.jpg,https://search.pstatic.net/common/?autoRotate=true&quality=95&type=f180_180&src=http%3A%2F%2Fblogfiles.naver.net%2FMjAyMTA2MjNfODEg%2FMDAxNjI0NDUxNzk1MzU4.1wJq_FSgbggVa5MBbI8CSL5Ip5is-QHlY_Y5lPIJ2UMg.BrcvU5m5ahdeG9vmWj-KX8tnp-wPtixp79lEsAmgYdcg.JPEG.tjsalxogus%2F20210623%25A3%25DF185539.jpg,https://search.pstatic.net/common/?autoRotate=true&quality=95&type=f180_180&src=http%3A%2F%2Fblogfiles.naver.net%2FMjAyMjA0MDdfMjM1%2FMDAxNjQ5MzI5MzEzMjIy.ZLmMj-lR1zdfhfmGnlow2ENGNaMU4xotEade3_mdk-wg.Z6P-6xmM-uUW1I-vAK5OIhTu6W2PLpELJnoJ3-kRF9Qg.JPEG.yama1s%2F20220404%25A3%25DF192045.jpg,https://search.pstatic.net/common/?autoRotate=true&quality=95&type=f180_180&src=http%3A%2F%2Fblogfiles.naver.net%2FMjAyMjAzMDNfMjM3%2FMDAxNjQ2MjYzMjEyNjMw.aFR82wye2arkWkYj82K5dGMNbsCbYXDBlrCQrXaPAwQg.8ltaF8aSR_XWUNk3qZgq4rQsBGAd_vbNSdzTvF1094Qg.JPEG.crossfitatoz%2FIMG_7224.jpg,https://search.pstatic.net/common/?autoRotate=true&quality=95&type=f180_180&src=http%3A%2F%2Fblogfiles.naver.net%2FMjAyMDAxMTdfMzYg%2FMDAxNTc5MjUyMzA1NDQ3.RpaTucHWeKWa-yKUoM4KgcZx9K0T6WdaPrJS_4n4lJ4g.XJmKAStrScEOyBLnkKH0HMs3TqVr6W7Yg9f99eR7pBog.JPEG.whilena%2F1579252304912.jpg,https://search.pstatic.net/common/?autoRotate=true&quality=95&type=f180_180&src=http%3A%2F%2Fblogfiles.naver.net%2FMjAyMTEyMDhfOTcg%2FMDAxNjM4OTM4MzAxNzIz.iPAhm3O3e_aq97MIDZJqqmiMw2doAEYgf7NzZk8wUGgg.dGsyXBl8fi6iQfqPxrKFkKT5z4cUrDzOgHyC8wLFCeEg.PNG.ddalem%2Fimage.png,https://search.pstatic.net/common/?autoRotate=true&quality=95&type=f180_180&src=http%3A%2F%2Fblogfiles.naver.net%2FMjAyMTA2MjNfNTEg%2FMDAxNjI0NDUxODAyODE4.Hp-mxupE_69b_rYMVavy0VjAzkPNef72d3wX3iMhy68g.lILpiVKqd35pT15yXtEiKYOai4ZR04NL1drcYB4LOZQg.JPEG.tjsalxogus%2F20210623%25A3%25DF190143.jpg,https://search.pstatic.net/common/?autoRotate=true&quality=95&type=f180_180&src=http%3A%2F%2Fblogfiles.naver.net%2FMjAyMDAzMTFfMTAy%2FMDAxNTgzODk2MzI0MjUy.IzocQQBKlsk4qbi9Qn8VX_BDhx-rV4qAvZi-yAJSUEIg.Roi8R_lhOYrrhCXqkJb5XPpCArWINw8Qu8LJo4m7-rYg.JPEG.kang3ku%2F1581829952109.jpg,https://search.pstatic.net/common/?autoRotate=true&quality=95&type=f180_180&src=http%3A%2F%2Fblogfiles.naver.net%2FMjAyMjAzMDNfMjAw%2FMDAxNjQ2MjYzMjA4MTQ5.nj3nVSegYTC8PINGUD3uaoUSM9SxZtT7Nl2oSsPzBFkg.4j4TLymr2FwAOifYkJ1Dhw3yMK1J7wPZ7N9AsSlCNosg.JPEG.crossfitatoz%2FIMG_6613.jpg,https://search.pstatic.net/common/?autoRotate=true&quality=95&type=f180_180&src=http%3A%2F%2Fblogfiles.naver.net%2FMjAyMTA2MTRfMTA0%2FMDAxNjIzNjcyNTc2ODQ5.kDWHkTzIta708RmG3m9Q4ofHQLT8isluBX8Ft5IfIWgg.0b1kCEwr0RknqhsSCEgfqqZ8fN5YV4hz10zkITSsr5Eg.JPEG.haerumee%2FIMG_0270.jpg,https://search.pstatic.net/common/?autoRotate=true&quality=95&type=f180_180&src=http%3A%2F%2Fblogfiles.naver.net%2FMjAyMDExMjJfMTU1%2FMDAxNjA1OTc0NjA5OTA5.JjWiXeX3XchgVfwmVSjkQJPSemaDo2owSs0XPRcGf4Ig._opGAZoTyKOnXSM-dCu8wBRfSEc8W-zixIHk9Y6TKo4g.JPEG.now4thebetterme%2FIMG_8298.jpg,https://search.pstatic.net/common/?autoRotate=true&quality=95&type=f180_180&src=http%3A%2F%2Fblogfiles.naver.net%2FMjAyMDExMDdfMjM5%2FMDAxNjA0NzEwMDgyNDM5.ualWO-TJms9Cm86eDnHbEN0aIOelt-4wdMBhy0-trTgg.drvANPzzB5JYgyQs2p-mN3999Hm-sed72emtJKPg4GIg.JPEG.pulhyang%2F%25C0%25E5%25B9%25CC%25BB%25F3%25B0%25A1%25B8%25C0%25C1%25FD_%25288%2529.jpg,https://search.pstatic.net/common/?autoRotate=true&quality=95&type=f180_180&src=http%3A%2F%2Fblogfiles.naver.net%2FMjAyMTA2MjNfMjc1%2FMDAxNjI0NDUxNzkwMDgy.4oGL1ltTls7r1rewieTnlr6BRJkuqlYdBlVrmTUahZsg.0bbCfWwfULsp7rKApKofEiCjJs2flrwNB9QgsEHtuIAg.JPEG.tjsalxogus%2F20210623%25A3%25DF185507.jpg,https://search.pstatic.net/common/?autoRotate=true&quality=95&type=f180_180&src=http%3A%2F%2Fblogfiles.naver.net%2FMjAyMDExMDdfMjc1%2FMDAxNjA0NzEwMDgyMTA3.-hfnY7x7-6FeIy3p7HZr7JWBrsLHtZ-hcDhDUqz8ngcg.x512guPEFJUEvHGBirOr3AmBlnOjvOmq-IR04iJmjeUg.JPEG.pulhyang%2F%25C0%25E5%25B9%25CC%25BB%25F3%25B0%25A1%25B8%25C0%25C1%25FD_%25286%2529.jpg,https://search.pstatic.net/common/?autoRotate=true&quality=95&type=f180_180&src=http%3A%2F%2Fblogfiles.naver.net%2FMjAyMTA2MjNfODcg%2FMDAxNjI0NDUxODAzODg0.RNlJdJ7bY14X-MTf7-mdjcPKJi6xBkfJeJwZkE_9vVog.Czv2RsuTVvvS6cmjV8eQ5cXkTJfHivofKRMlYoZhptwg.JPEG.tjsalxogus%2F20210623%25A3%25DF190209.jpg,https://search.pstatic.net/common/?autoRotate=true&quality=95&type=f180_180&src=http%3A%2F%2Fblogfiles.naver.net%2FMjAyMTEyMDhfMTU0%2FMDAxNjM4OTM2MzU0NzI3.ZWncGD9az8THb4l3Euq4rjHqUV9o4gEucoHWH-0iYeMg.0at907te3dkK3oIySXBsKcZv2MGezDtJD-D3uUPlzOEg.PNG.ddalem%2Fimage.png,https://search.pstatic.net/common/?autoRotate=true&quality=95&type=f180_180&src=http%3A%2F%2Fblogfiles.naver.net%2FMjAyMjAzMjJfMTcw%2FMDAxNjQ3OTIxNzA0OTA2.PBO__ZAG5-6LcnkUMYkDoXNXSqaxgC0-yu0eBnob1aYg.reaANbQy1mNpW06H-7vgq6UlqmpZWXENv298usx_91Qg.JPEG.zzzjjin%2FIMG_1155.jpg,https://search.pstatic.net/common/?autoRotate=true&quality=95&type=f180_180&src=http%3A%2F%2Fblogfiles.naver.net%2FMjAyMTExMzBfMjUx%2FMDAxNjM4MjA5MzgwMjE0.EQJQDdlBkk83t3ntk24HmRvOJom7BhVrXHNCScfDjSog.fCObqIJjAR666lkHdYhsop3aeerpyOpCsOYstTLoQNMg.JPEG.desm_h%2FIMG_0520.jpg","https://search.pstatic.net/common/?autoRotate=true&quality=95&type=f180_180&src=http%3A%2F%2Fblogfiles.naver.net%2FMjAyMDAzMTFfMTU2%2FMDAxNTgzODk2MzE3Nzg0.WGICO2ZWmrFHJs6qtMsUgwp2ubK1eqyBmUe30G2VY9Ug.cq5TbXv4sifl2OJSHBz0vf4qkF_5WF2E5uxE1LUF0R8g.JPEG.kang3ku%2F1581829948615.jpg,https://search.pstatic.net/common/?autoRotate=true&quality=95&type=f180_180&src=http%3A%2F%2Fblogfiles.naver.net%2FMjAyMDExMDdfMTcy%2FMDAxNjA0NzEwMTIzNzM3.zGP285euxUuv3Grrvs_m3-qVirok2atsPq7fXa1vBcYg.Tp3s42mVTTtR_5s-W0rUfaUVCsBVKZCrmA9VrVJV2DEg.JPEG.pulhyang%2F%25C0%25E5%25B9%25CC%25BB%25F3%25B0%25A1%25B8%25C0%25C1%25FD_%252813%2529.jpg,https://search.pstatic.net/common/?autoRotate=true&quality=95&type=f180_180&src=http%3A%2F%2Fblogfiles.naver.net%2FMjAyMDExMDdfMTM0%2FMDAxNjA0NzEwMDgyNjY0.M2OOoBcUMe9hSMaA4JbD10MqpHrnrAkXDO2B9ZHGhVEg.FHRchy_KsXJq3czZwbntXHMAQ_DyqpXUCyTSSKr_sZ4g.JPEG.pulhyang%2F%25C0%25E5%25B9%25CC%25BB%25F3%25B0%25A1%25B8%25C0%25C1%25FD_%252811%2529.jpg,https://search.pstatic.net/common/?autoRotate=true&quality=95&type=f180_180&src=http%3A%2F%2Fblogfiles.naver.net%2FMjAyMTEyMDhfMTM0%2FMDAxNjM4OTM4MzAwMTE0.W3BYYzgglXO15QNMdRwvSYKXgoZ5DbHuxaHiLV9tvVog.2ZBvTthrqsTCbc6CT_CyxBI27BV19-P2bhRzKW5SsLEg.PNG.ddalem%2Fimage.png,https://search.pstatic.net/common/?autoRotate=true&quality=95&type=f180_180&src=http%3A%2F%2Fblogfiles.naver.net%2FMjAyMDAzMTFfMTk3%2FMDAxNTgzODk2MzE0MzIw.Zlkv-yxRxNXXwNg18VFXO8Rr5E4dhTbyNqppl6BkjiUg.on-_7hqxF6KrZc4UcjRp9gK68u9mkkoiLB3wieSMOZYg.JPEG.kang3ku%2F1581829947917.jpg,https://search.pstatic.net/common/?autoRotate=true&quality=95&type=f180_180&src=http%3A%2F%2Fblogfiles.naver.net%2FMjAyMDAzMTFfMTIy%2FMDAxNTgzODk2MzE2MDY1.nguyv1qL1qe5X5W-RKkMg1bDHjcjisZ6zXUEuBgwpTEg.62wjI2aQfh8TF_59bnwrgErPtxs2jCghWX2_wx-NfAsg.JPEG.kang3ku%2F1581829949332.jpg,https://search.pstatic.net/common/?autoRotate=true&quality=95&type=f180_180&src=http%3A%2F%2Fblogfiles.naver.net%2FMjAyMTA2MTNfMjUy%2FMDAxNjIzNTkwODgyMjQ4.b2JTnyZv7pv6hIh-dsKENrvH5eLmLftab9CYHIl_V4cg.D3Nt-dmV7xDNqgx9-On3PUjr4BEnEV-DdIs4KiFmy6Ig.JPEG.haerumee%2FIMG_0273.jpg,https://search.pstatic.net/common/?autoRotate=true&quality=95&type=f180_180&src=http%3A%2F%2Fblogfiles.naver.net%2FMjAyMTA2MDlfOTQg%2FMDAxNjIzMjEwOTU1ODQ3._p0em5cW7tRquzcEmPA5EQ3DhcPaopNvyhvGf7Zit20g._ndg5vtHyoIZhPYvz6sgG5-VmTaQPDSq5nfieHRlLTQg.JPEG.newgyeon%2F20210609%25A3%25DF115228.jpg,https://search.pstatic.net/common/?autoRotate=true&quality=95&type=f180_180&src=http%3A%2F%2Fblogfiles.naver.net%2FMjAyMTA4MDVfMTI5%2FMDAxNjI4MTMyNzQ0NTgz.suaSe-wi6x5HyVzLF8lxirFwlil1RdFuAz7HMYzKPpIg.Wuwl_X1eMGGNsIcRlWOTtr_wYtXUOrzE7Mc1KvaR3Dwg.JPEG.ggooddcc%2FKakaoTalk_20210805_115538182_02.jpg,https://search.pstatic.net/common/?autoRotate=true&quality=95&type=f180_180&src=http%3A%2F%2Fblogfiles.naver.net%2FMjAyMTEyMDhfMTk2%2FMDAxNjM4OTM4Mjk1NDA0.tYc4B68nnY5Cz_gEY_ls-NRTq1kW0uWACewKnnhW-uUg.MGhQChBzcReYF4aMeyVCzf0v-a27zClVuN2hC-RppKEg.PNG.ddalem%2Fimage.png,https://search.pstatic.net/common/?autoRotate=true&quality=95&type=f180_180&src=http%3A%2F%2Fblogfiles.naver.net%2FMjAyMTA2MjNfMjA2%2FMDAxNjI0NDUxODE0MTM1.N0W4uDVvsmTedbbyUjSRA3f7vJQ7D7bApDLOXAAegSAg.ZxICFUSyEcyYshdp-qddzcIP7Bsxz2HbarxIjmTCqegg.JPEG.tjsalxogus%2F20210623%25A3%25DF193557.jpg,https://search.pstatic.net/common/?autoRotate=true&quality=95&type=f180_180&src=http%3A%2F%2Fblogfiles.naver.net%2FMjAyMDAxMTdfMTQ2%2FMDAxNTc5MjUyMjk3Njk0.ePZUWUVtI9Or-QADB9adCwlYascT0QpJSowRCOMn89wg.1nPpFBVwPBGeAEkowXkwcW96BoO6L0bvqH05MKSGeNkg.JPEG.whilena%2F1579252297146.jpg,https://search.pstatic.net/common/?autoRotate=true&quality=95&type=f180_180&src=http%3A%2F%2Fblogfiles.naver.net%2FMjAyMDAxMTdfMzMg%2FMDAxNTc5MjUyMjk2NTgy.-EINtmNTrU04vBqsfzK0ASSzVfBdazJ4ZmhGQi25pTMg.eq4KlXheaACNegfhKGEaMOzKo-v0n-yz0prDjEwUZG0g.JPEG.whilena%2F1579252296024.jpg,https://search.pstatic.net/common/?autoRotate=true&quality=95&type=f180_180&src=http%3A%2F%2Fblogfiles.naver.net%2FMjAyMTA5MzBfMjUz%2FMDAxNjMyOTU3NzIwMDUz.q1SyXYMU0lSqgmgLemWntva9KyhOq5q9VWLxJ3t3d94g.A_1jFUWIBlNAkt1vvXxPEUVQDUN75OfPM8j8BfUX8aog.JPEG.newgyeon%2F20210923%25A3%25DF191258.jpg,https://search.pstatic.net/common/?autoRotate=true&quality=95&type=f180_180&src=http%3A%2F%2Fblogfiles.naver.net%2FMjAyMDExMDdfNiAg%2FMDAxNjA0NzEwMDgyNTU1.fau9Kxy5wSvj5AgTuexI2fabajGxnHdk09OQ25UTb2Yg.1K-aFfyd27RmxRoQuJsp32s_JQf2__jtt1QTnYtyfT4g.JPEG.pulhyang%2F%25C0%25E5%25B9%25CC%25BB%25F3%25B0%25A1%25B8%25C0%25C1%25FD_%252810%2529.jpg,https://search.pstatic.net/common/?autoRotate=true&quality=95&type=f180_180&src=http%3A%2F%2Fblogfiles.naver.net%2FMjAyMTA2MjNfMjk3%2FMDAxNjI0NDUxODE1NzM4.WUmUMI1sv15AUfAl-zyEhsmkrsOIfn_mDbJONy2gB5Ag.C8Sy5hfdsykH_DBKFj-DdfzHK5NjF9YBrP6th6nkilog.JPEG.tjsalxogus%2F20210623%25A3%25DF201157.jpg"
4,아그라 잠실에비뉴엘점,,인도음식,"Tajmahal Course,Agra Course",33700,4.28,1307,2735,"평일 점심에 방문했어요.예약 안했는데 운 좋게 창가자리 있어서 좋은 뷰 보면서 식사 했습니다. (창가 자리 1:30분 제한)주차등록은 따로 안되니 참고 바람음식 양도 많고 가성비 좋아요!!/맛 🌕🌕🌕🌕양/가성비 🌕🌕🌕서비스 🌕🌕🌕🌕🌕위치 🌕🌕🌕🌕🌕인테리어&익스테리어 🌕🌕🌕🌕🌕맛, 양/가성비: 특별히 맛있다, 하는 정도는 아닌 것 같습니다. 그냥 평범히 맛있는 맛?허니버터 난이 가장 맛있었어요. 트러플 난? 은 트러플 향이 전혀 느껴지진 않았습니다. 탄두리 치킨은 양이 많고 커리도 맛있습니다!너무 짜거나 하지 않은 점은 좋았어요. 인테리어&익스테리어: 고층에 위치해 있어 석촌호수 뷰가 정말 예쁩니다./점심 세트 주문은 가성비 짱, 저녁 세트 주문은 야경이 짱입니다.고급지면서도 편안한 인테리어, 널찍한 좌석 배치 덕분에 오붓한 대화를 나누기 좋더라구요.음식도 정말 맛있었고, 태블릿 주문이라 편했으며, 직원분들 모두 친절하셨어요.재방문 의사 있습니다^^/세트메뉴 너무 배부르고 맛있어요..라씨나 에이드가 리필되어서 좋고 탄두리 치킨 양도 많아서 커리 먹기전부터 배불러요./타지마할 코스로 주문했어요 음식은 여전히 맛있고 친절하세요 뷰맛집이라 벚꽃필때는 꼭 방문추천드려요/특별한날 가기좋아요. 석촌호수가 내려다보이는 시원스런 뷰~/맛있고 분위기가 너무 좋아요!/직원분들이너무친절하셔서좋았어요!!!! 디저트도너무맛잇게잘먹었습니다!!ㅎㅎㅎ/네이버 예약을 통해 창가자리에서 즐겁게 식사 했습니다. 난과 밥은 계속 리필되지만 배불러서 많이 못 먹었습니다. 식사하는 동안 답답하지 않은 뷰와 함께 전체적인 맛도 괜찮았습니다. 테이블 간격은 좁습니다./코스 시키면 난과 음료 리필되는 것이 좋았음. 아름다운 뷰는 덤♡","https://search.pstatic.net/common/?autoRotate=true&quality=95&type=f180_180&src=http%3A%2F%2Fblogfiles.naver.net%2FMjAxOTA3MDdfNzcg%2FMDAxNTYyNDc2MDYxMjI0.jyWM5S-fa4H7zxU7sMpPJbuSsPN9klNC3vit0EzsoPcg.398pr2vrxietgtQzpcMHt2_m_KgE3nmMoadvHD8hl6Qg.JPEG.sarangshj%2FIMG_3205.jpg,https://search.pstatic.net/common/?autoRotate=true&quality=95&type=f180_180&src=http%3A%2F%2Fblogfiles.naver.net%2FMjAxOTAyMTFfMTAy%2FMDAxNTQ5ODc3MzkxODYy.KVo5COnS91XJ9FHW1zidkiYm8eGP3SkZv690uBcp1L8g.vtpBhUyqpFQSDQeWHG-wk1139OYx9AYP9UvQ0z_G9NEg.JPEG.lsh800704%2F20190209_171009.jpg,https://search.pstatic.net/common/?autoRotate=true&quality=95&type=f180_180&src=http%3A%2F%2Fblogfiles.naver.net%2FMjAyMTA1MjVfMTE2%2FMDAxNjIxOTQ4MTgyOTky.OBDqaOK1doncmePwI3BrId7weSqz65VRuEFb23TbsTMg.hI3Eatvba85Rv1QRSeAhJGMpqYhN4EyfZe-kXrSb2zAg.JPEG.creambeige2020%2FIMG_0764.JPG,https://search.pstatic.net/common/?autoRotate=true&quality=95&type=f180_180&src=http%3A%2F%2Fblogfiles.naver.net%2FMjAxNzA4MTRfMjc5%2FMDAxNTAyNzE1OTE2NjUx.iQWO7yPmhLwd4RegYVpO4ppg1ppaXpFxvKKT81f6lc0g.UVOU3wuNRu3nPBcXXqQcfuY-Vo05Joh-FVSXVE52ym0g.JPEG.ravy4525%2Fse3_image_372814695.jpg,https://search.pstatic.net/common/?autoRotate=true&quality=95&type=f180_180&src=http%3A%2F%2Fblogfiles.naver.net%2FMjAxOTAxMTRfOTgg%2FMDAxNTQ3NDQ3MzY1MDY1.KhoyKEzfnTqOpKddHtcUNogaErAyAnMoef82897R2y4g.ZaEoIP-4OaoQrkFzKR1xomLe6AKui9Rd32zewY2mWk0g.JPEG.ahdwo%2FIMG_2135.JPG,https://search.pstatic.net/common/?autoRotate=true&quality=95&type=f180_180&src=http%3A%2F%2Fblogfiles.naver.net%2FMjAxOTAyMDNfMTYw%2FMDAxNTQ5MTg5NTg5MDc0.1tgXHRvHWN_E1BfrT8oniAGfIhs6Vs_YOAFsP4lgdk4g.mMTuxiXQjH1zvVx-NxEi5_y0jyNl5LPTWCtJf79Ng2Yg.JPEG.jec_raum%2F20190203_140458.jpg,https://search.pstatic.net/common/?autoRotate=true&quality=95&type=f180_180&src=http%3A%2F%2Fimage.nmv.naver.net%2Fblog_2021_07_31%2Fdbf3032b-f200-11eb-a8ac-505dac8c35ff_01.jpg,https://search.pstatic.net/common/?autoRotate=true&quality=95&type=f180_180&src=http%3A%2F%2Fblogfiles.naver.net%2FMjAyMjAxMTlfMTcw%2FMDAxNjQyNTY4Njk2NTcw.cSbmTJVelqZDBJICRBUXOFaA-ZvwZt4N2IClVF38Sc0g.hcMRrcPsLEO42xa-WmoL204nDu1wO8rCEEt6KlmR3owg.JPEG.shining2001%2F20220111%25A3%25DF124649.jpg,https://search.pstatic.net/common/?autoRotate=true&quality=95&type=f180_180&src=http%3A%2F%2Fblogfiles.naver.net%2FMjAyMDExMTVfMjA3%2FMDAxNjA1NDA2NzkzNzQz.K6dSGCDncmaLpi8qFb1W_IU-JUkqiE--1Mh4PTj7mr0g.oTQPye2-0FvMrayD-UCMPl1Rcqbqj_WcT0dML8q1EMog.JPEG.yeonie_choi%2FIMG_2140.jpg,https://search.pstatic.net/common/?autoRotate=true&quality=95&type=f180_180&src=http%3A%2F%2Fblogfiles.naver.net%2FMjAyMTA3MzFfMTMx%2FMDAxNjI3NzM3MTE0NzMx.vSBv_3lOsO5nI54PETEYQfqGWI7qyLjCdWs3yF2uYH8g.eo-UF4L8I_OUJlKnRAx_sZSqI_5x21vLuB8zUzPQtNUg.JPEG.jejes7je%2FIMG_1600.JPG,https://search.pstatic.net/common/?autoRotate=true&quality=95&type=f180_180&src=http%3A%2F%2Fblogfiles.naver.net%2FMjAxOTAxMjVfMTMg%2FMDAxNTQ4Mzg4MTg3MTMz.m7_zq_XPcKuu6PsbHF43bcfIbaCXHQEqpcDzWUwepV0g.p6fsar9f8NxoYnVYEqc4z4pbw1SNyknfSq9e85t--Pgg.JPEG.kkongjamae%2FSE-fed2e8e3-c010-43e9-ae4e-ad9a570c8d52.jpg,https://search.pstatic.net/common/?autoRotate=true&quality=95&type=f180_180&src=http%3A%2F%2Fblogfiles.naver.net%2FMjAyMjAxMTlfMTk5%2FMDAxNjQyNTY4NjgyMDkw.9qcQZ8AxVlmktfo6oWJc5zXx2G-jKj6_IymEyg0s3yYg.vJUg8f-MRWbqs-rSNkDPSyOt9rn5RHZemZD_f-JhoWcg.JPEG.shining2001%2F20220111%25A3%25DF123539.jpg,https://search.pstatic.net/common/?autoRotate=true&quality=95&type=f180_180&src=http%3A%2F%2Fblogfiles.naver.net%2FMjAyMjAxMThfMTIg%2FMDAxNjQyNTE1ODk5NzE4.NUS3AP68PASBa0f3wOizRq7IM23fIEiqPHIi-Z5zIoQg.GZiPXb-OHyfEnJLjhDZ7Zuonl5PJRYNFPgkEeqkLvsgg.JPEG.iiining%2Foutput_231674053.jpg,https://search.pstatic.net/common/?autoRotate=true&quality=95&type=f180_180&src=http%3A%2F%2Fblogfiles.naver.net%2FMjAyMDExMDRfNjEg%2FMDAxNjA0NDk4MzExODM3.z1Hr4M2X3W3rf7hMA4sABzJnFc1CSRjn8oP6iAobMb4g.mHs-4SczMiQKJFGj0fbjUi43YQs1hrVcXlqUkRKyJRYg.JPEG.kwhitemoon%2F1603285799817-0.jpg,https://search.pstatic.net/common/?autoRotate=true&quality=95&type=f180_180&src=http%3A%2F%2Fimage.nmv.naver.net%2Fblog_2019_12_27_1475%2F84be8cdc-284b-11ea-9f51-505dac8c3607_01.jpg,https://search.pstatic.net/common/?autoRotate=true&quality=95&type=f180_180&src=http%3A%2F%2Fblogfiles.naver.net%2FMjAyMTA5MTRfMTI2%2FMDAxNjMxNTk3NzExNTg0.EVnK5cga2AssxD1gjGz1XlaADPXyJAGKenhDoA82LR0g.9mXGc3lTfcsx1Tqzt-orfy6-OqOjzHmgmuLVFVGVkA4g.JPEG.2541026%2FIMG_9122.jpg,https://search.pstatic.net/common/?autoRotate=true&quality=95&type=f180_180&src=http%3A%2F%2Fblogfiles.naver.net%2FMjAyMDA2MDJfMTQ4%2FMDAxNTkxMTAxODY5MDQ5.U_ktZpcZdZXiDf91tiAq_Teot1c5dyzIE3KAkgTsBXgg.1darncDMwqLkTLUFEfO1tjYY1NTaHsLr4ENvq9kNNy0g.JPEG.dadanim0%2FIMG_5974.jpg,https://search.pstatic.net/common/?autoRotate=true&quality=95&type=f180_180&src=http%3A%2F%2Fblogfiles.naver.net%2FMjAxOTEyMDdfNzAg%2FMDAxNTc1NzIzODEyNzE5.drAVcbh57NmjHx0zaDDtfPGOloJCRDty-i6Xgp5RpxMg.kGCFG1BKNg1OE6LOSv0mC1xKS1389YdwfMJkDBXuVycg.JPEG.3949dbs%2FIMG_8734.JPG,https://search.pstatic.net/common/?autoRotate=true&quality=95&type=f180_180&src=http%3A%2F%2Fblogfiles.naver.net%2FMjAyMDA4MjVfMjgz%2FMDAxNTk4MzQ3MzA4Mjc2.p3oyZqEVBNxmRUEhcx7DenOGB_uce9PJ9aBqy4frCLwg.7XOgkvekzoPiHeXBGfbmATinpHYnHZS5YW27z1mOSKog.JPEG.wlsk9025%2F1598347307182.jpg,https://search.pstatic.net/common/?autoRotate=true&quality=95&type=f180_180&src=http%3A%2F%2Fblogfiles.naver.net%2FMjAyMjAxMzFfMjQ5%2FMDAxNjQzNjI3NzE0NDk3.4pxeNiBcj2oLzckDZb-aAJAqJGoXVOxCG7A3OaiIL7Ag.J95VpinLV6uhIw-18ff9rXyEHPKlDbOX10O2haOtRLUg.JPEG.hingsangg%2FIMG_6981.jpg,https://search.pstatic.net/common/?autoRotate=true&quality=95&type=f180_180&src=http%3A%2F%2Fblogfiles.naver.net%2FMjAxODEyMTVfMjA5%2FMDAxNTQ0ODczMDY0NTA1.9Y_9SBF7Knh_LBhXtWmSWv9vLL6uzCiSP3pjrszYD5Mg.reLYcqR6CFWXVA3S7e4JjhIJqYFnpiwJuGxMLnxA5Hcg.JPEG.meis1212%2F20181215_132941.jpg,https://search.pstatic.net/common/?autoRotate=true&quality=95&type=f180_180&src=http%3A%2F%2Fblogfiles.naver.net%2FMjAyMjAzMTVfMjQ3%2FMDAxNjQ3MzU0MjU0OTU2.Ik-swqO1bOol9F2hOgDJaL7vh-Xq494XImEK3KHIMZkg.UTI2-olK9xfEtA3L7YF3MxUegT2mJsjntFgKlsReiocg.JPEG.allthings_for%2FIMG_1744.JPG,https://search.pstatic.net/common/?autoRotate=true&quality=95&type=f180_180&src=http%3A%2F%2Fblogfiles.naver.net%2FMjAyMDAxMjBfMTEw%2FMDAxNTc5NDk4OTIwNzcx.nDNRD61_a4YFjkTAP6LrL_0mSOO_EJNk3ZQCNL8fcIcg.YXMN-scc7LI_nxtBcMlkuylZCj9KL9FskwiU3k7_TqIg.JPEG.eunbee1223%2F1579498920054.jpg,https://search.pstatic.net/common/?autoRotate=true&quality=95&type=f180_180&src=http%3A%2F%2Fblogfiles.naver.net%2F20150520_246%2Fjiyeun007_1432132658728oGxbh_JPEG%2F22.jpg,https://search.pstatic.net/common/?autoRotate=true&quality=95&type=f180_180&src=http%3A%2F%2Fblogfiles.naver.net%2FMjAxOTA0MjRfMjg2%2FMDAxNTU2MDM2MDAxMDcw.CVPQQYp5zJZ6cclF1O4ZmAiGwCZP_RU1hwZ0mR1wbDAg.7OWQMCMCj5V-bLMl0zY1OsLTYz0YFHmzW77-IYH6iCUg.JPEG.suka_dh%2FIMG_0792.JPG,https://search.pstatic.net/common/?autoRotate=true&quality=95&type=f180_180&src=http%3A%2F%2Fblogfiles.naver.net%2F20160802_195%2Fpodonger_1470146916872af960_JPEG%2FDSC07038.JPG,https://search.pstatic.net/common/?autoRotate=true&quality=95&type=f180_180&src=http%3A%2F%2Fblogfiles.naver.net%2FMjAyMTExMThfMjE0%2FMDAxNjM3MjM2MTkwNjM3.feA-2ux76IJS_ed-vmhJhSe7xIoe1dS8FBpGRXW80w0g.xqdAnhmJkCyfg2P8sSY4IIeNzvBtxwAbE9pr-6I2rOgg.JPEG.mimibus74%2FIMG_0307.JPG,https://search.pstatic.net/common/?autoRotate=true&quality=95&type=f180_180&src=http%3A%2F%2Fblogfiles.naver.net%2FMjAyMDA4MDZfMTk0%2FMDAxNTk2Njg5NzUzNDYw.SYTp6sZm9f6XhsfMalESbnt10MDL2mgCsSMiBUU5NOkg.iablqozQ1h4YxgNbbHWQZP96Twx_T8UEKebTxTAOupEg.JPEG.rkgp3310%2F1596689753109.jpg,https://search.pstatic.net/common/?autoRotate=true&quality=95&type=f180_180&src=http%3A%2F%2Fblogfiles.naver.net%2FMjAyMDEwMDdfNDIg%2FMDAxNjAyMDI5Nzk5MDEw.cy3ELJTnFlO4ioxzXS1-VpT5uslTyr05goKe79Gs3fkg.rE5oJf_54r445yyRe4paoiy5_mLInXdWrX_R7ozy-ocg.JPEG.ilo1st%2F3860352C-99BA-4E75-A6FC-D6D37691C007.jpeg,https://search.pstatic.net/common/?autoRotate=true&quality=95&type=f180_180&src=http%3A%2F%2Fblogfiles.naver.net%2FMjAyMTExMTNfMjUz%2FMDAxNjM2ODAxODQ5NDE0.anyz0DHmcY3LmbC4rGjF0tIoZfXnkdsn7GyAL_3prkwg.3MgHMOCg9N4FfxeTRgA2bOG533qHqZeiGdQi6VZufpog.JPEG.ldid11%2Foutput_3556416298.jpg","https://search.pstatic.net/common/?autoRotate=true&quality=95&type=f180_180&src=http%3A%2F%2Fblogfiles.naver.net%2FMjAyMjAyMjVfMjc3%2FMDAxNjQ1NzUzNjY2MjEw.8-X_TkQP2rd7dGfRkp0_-9UdbliB9CAbvKVPf3mRxy0g.G7R1-srZQGT4Zc3s4P00qCj7iC3jckyqtTdYwNtw-Lgg.JPEG.aeji0409%2FKakaoTalk_20220225_103841452_08.jpg,https://search.pstatic.net/common/?autoRotate=true&quality=95&type=f180_180&src=http%3A%2F%2Fblogfiles.naver.net%2FMjAyMTA0MThfMTk1%2FMDAxNjE4NzQ0NjMyNDE0.I_6-XV4vUJVAHFzoyjyasac4TmF_c49przeyKGd3UK4g.Btd-G6V-kT0YOfKgrX_gmpn1_bMuzI2SJZlT3gOYTWYg.JPEG.soso-oneul%2FIMG_2504.jpg,https://search.pstatic.net/common/?autoRotate=true&quality=95&type=f180_180&src=http%3A%2F%2Fblogfiles.naver.net%2FMjAxODEyMjdfMTk2%2FMDAxNTQ1ODc2ODYwMjI2.8gxyrLfpkhiKZcsLGgwkh090DiT5IWrxn43pdsXp73cg.loHHEVVQvuG1W4k3BqPQIIc2ExU845LAm1ljj9rIlhkg.JPEG.llredrosell%2FIMG_7932.jpg,https://search.pstatic.net/common/?autoRotate=true&quality=95&type=f180_180&src=http%3A%2F%2Fblogfiles.naver.net%2FMjAyMjAyMDRfMjQx%2FMDAxNjQzOTMyNDg5OTg0.XD5YnG_aMM9k1TGbI0SilUekApaCJvIgCraLCCGLtcgg.xr5JQRxXLO7HCx__BC-X3cfrMqD7RAia9KcPIUm14pMg.JPEG.jojh1504%2FIMG_6589.JPG,https://search.pstatic.net/common/?autoRotate=true&quality=95&type=f180_180&src=http%3A%2F%2Fblogfiles.naver.net%2FMjAyMTA0MDRfMjQz%2FMDAxNjE3NDY5NzUzNzQw.9zKHTFLdVdVSJq6ZwgmglWdzKuWVYPBUlFc8Ft_h0Xog.e9VacnlTPa_nstBrPRhQhlXa4viY3R_orq_HnqB0UQsg.JPEG.l5velyamy%2FKakaoTalk_20210404_020826496_02.jpg,https://search.pstatic.net/common/?autoRotate=true&quality=95&type=f180_180&src=http%3A%2F%2Fblogfiles.naver.net%2FMjAyMDA3MjhfMTA5%2FMDAxNTk1OTAwNjkzMTAy.Nh29I587YSMxR3p4f94yvORjEtVCHCQyjOsppLku3Rsg.RM9fAEUyKj8PjVaynlCp5MXpCqbbigz3RXJbPD4JHiYg.JPEG.jwbeauty5415114%2FKakaoTalk_20200727_114129149.jpg,https://search.pstatic.net/common/?autoRotate=true&quality=95&type=f180_180&src=http%3A%2F%2Fblogfiles.naver.net%2FMjAxNzA5MThfMjkz%2FMDAxNTA1NzMyMDA5OTA5.Qy4XqZ9-lEznwSgD6Y1WGTFo9G3K8JRM3LmbfPqkm5kg.eDcEyJ_uLbMawhKa3W-DaZRm64pTMDQgDAUfNsLrUCYg.JPEG.smilemin78%2FIMG_5877_copy.jpg,https://search.pstatic.net/common/?autoRotate=true&quality=95&type=f180_180&src=http%3A%2F%2Fblogfiles.naver.net%2FMjAxOTAxMjFfNDgg%2FMDAxNTQ4MDM5Njg4MjU0.CRtQI5yK5Ap7nWO-X6vGb3mBHOODcWHN9eU9xkKSjeUg.hMxEeQ67nFI_gqWiMi4WXDRdJgiCKImzr4N4NHgT2hcg.JPEG.kmh9677%2FIMG_2227.jpg,https://search.pstatic.net/common/?autoRotate=true&quality=95&type=f180_180&src=http%3A%2F%2Fblogfiles.naver.net%2FMjAyMTA3MzFfMjE5%2FMDAxNjI3NzM3MTExNzMw.AIlAigHFbxiPFX1HXMVU-FqlvVDbGBqjcYEaAX9DgTUg.vVaRwG7IhUxkky06hc870UVggzBvEXylc_RvbodWgJ0g.JPEG.jejes7je%2FIMG_1562.JPG,https://search.pstatic.net/common/?autoRotate=true&quality=95&type=f180_180&src=http%3A%2F%2Fblogfiles.naver.net%2FMjAxNjExMTJfMSAg%2FMDAxNDc4OTU1MzQ3ODcx.MyYk6Kazh2L4OObvdzxvk7eGAPcgRJt9c9nRs9E1GhQg.p7ecUZ2k5Bjj5P-b3NOfXo9mN6Xv6PFKfkbSkspJsDsg.JPEG.86stella%2F20160618_144913.jpg,https://search.pstatic.net/common/?autoRotate=true&quality=95&type=f180_180&src=http%3A%2F%2Fblogfiles.naver.net%2FMjAyMTA3MzFfMjYg%2FMDAxNjI3NzM3MTExNzUx.jF2iI0JZ0zt4yH7KvwGc2OnlI9O9DqAGcrpd0ZuM4sIg.YaHVuIsc5gWwcQhNU8aykIHseFBVim0-UbIHrEJp1rMg.JPEG.jejes7je%2FIMG_1567.JPG,https://search.pstatic.net/common/?autoRotate=true&quality=95&type=f180_180&src=http%3A%2F%2Fblogfiles.naver.net%2F20150427_42%2Feasy2asy_1430137705280wbR2u_JPEG%2FDSC01189.JPG,https://search.pstatic.net/common/?autoRotate=true&quality=95&type=f180_180&src=http%3A%2F%2Fblogfiles.naver.net%2FMjAxODAyMTFfMjgw%2FMDAxNTE4MzI5ODQ4MTY5.Tve9t3pNK7M2Sm2v557y3yTXrdEfnh5dto6dCgSKP00g.5HT6BqQY-jecuTzyAKmz6oFozWjV8SX8hMxaxywGVB4g.JPEG.ellieciao%2FIMG_6091.JPG,https://search.pstatic.net/common/?autoRotate=true&quality=95&type=f180_180&src=http%3A%2F%2Fblogfiles.naver.net%2FMjAyMTA0MDRfMTcx%2FMDAxNjE3NTA3MDAxMjYz.V_wpdrYe5rTACPS4Ec2T_eBl57dm9YuWGE5HEJA6qpYg.h_6sJo_6oKjoT5NznFz7OypdRs3vW180jQnV0H8IGd4g.JPEG.ekdzhdskfk%2FIMG_7836.jpg,https://search.pstatic.net/common/?autoRotate=true&quality=95&type=f180_180&src=http%3A%2F%2Fblogfiles.naver.net%2FMjAxODEwMThfMTgg%2FMDAxNTM5ODY1ODE2NDk4.mfOjDu2ACbQzvAsLjeOuAYzRD2WeVPuzJVLRae8NdTQg.7m0IFRXWHELr8_JAtio9eBVRhWAWTd6Sx9OzTRnit40g.JPEG.kki0627%2FIMG_8972.jpg,https://search.pstatic.net/common/?autoRotate=true&quality=95&type=f180_180&src=http%3A%2F%2Fblogfiles.naver.net%2FMjAyMDA1MjBfMjI3%2FMDAxNTg5OTUxNzg3NTA3.CA2OWWmuZs8xiE4C-iJWWWgdEkcKb3tN7nLxoHXM_ZUg.aeBurv5PX07AF0ssk7U4OzK1tALmo_3O0fCuu-pjOxgg.JPEG.jelly_gunieo%2Foutput_3805053847.jpg,https://search.pstatic.net/common/?autoRotate=true&quality=95&type=f180_180&src=http%3A%2F%2Fblogfiles.naver.net%2FMjAxODA5MDlfMjcw%2FMDAxNTM2NDk4ODk4OTY5.E7aV6trEI1-LlRn9r1LfiRD_9DYCcx0foqByiwxZLBIg.Mispb7q5XTkSiZRUc8In1ib4AgNsJ3FkYKCV2aqrHaYg.JPEG.kka_ming%2FDSC08922.JPG,https://search.pstatic.net/common/?autoRotate=true&quality=95&type=f180_180&src=http%3A%2F%2Fblogfiles.naver.net%2FMjAxODEwMTlfMjY4%2FMDAxNTM5OTU0ODg2MDA4.a2VLcvQjSOTzPevK6rBKuzpel2HI5a8Lxsc4uLS-BXsg.lXo7c7vo55Zh1Fjo9oj7vBNa8AmKtQnIuIqzyH7S6oYg.JPEG.vivid_chung%2FDSC05065.JPG,https://search.pstatic.net/common/?autoRotate=true&quality=95&type=f180_180&src=http%3A%2F%2Fblogfiles.naver.net%2FMjAxODA4MjlfMjI4%2FMDAxNTM1NTQ2MjczMzk4.Dt_lH3yyDOw6XC0xWD_VSVZjq88uANcXZOsow1V-gt8g.IIoLX5_yuDjlO4e6Gx-RzizEmjsOsuHEQ72wh1X91kkg.JPEG.dony_zzang%2FLRG_DSC02287.jpg,https://search.pstatic.net/common/?autoRotate=true&quality=95&type=f180_180&src=http%3A%2F%2Fblogfiles.naver.net%2FMjAxOTAzMTRfMjY4%2FMDAxNTUyNTc1NDI1MDAy.Huv_-5xyLeTMYc5Hognj1vGUkXM-5PK3uTnt06mgolIg.n4QLS8-wTDZv3mhDUAAy4lQdk22EyvfwnRqQqPyXVXIg.JPEG.sunhwa00812%2F20190312_204019.jpg,https://search.pstatic.net/common/?autoRotate=true&quality=95&type=f180_180&src=http%3A%2F%2Fblogfiles.naver.net%2FMjAyMjA0MTJfMjI1%2FMDAxNjQ5NzIzOTMwNDc4.mQc5uDa89I_mW8N8BGso-W4ZlvsuDoVsxMs4nPNCPdEg.RlX97jCpuTzp-koOuaRftQzNVXxysuRRT5hEVo0LYb8g.JPEG.bbangmibbangmi%2F20220411%25A3%25DF150011.jpg,https://search.pstatic.net/common/?autoRotate=true&quality=95&type=f180_180&src=http%3A%2F%2Fblogfiles.naver.net%2FMjAyMTA2MTBfMTY0%2FMDAxNjIzMzAxNTM5NTc1.UY8aMsQPakUytqr5TqSiKABH98k_mn8ttc0OqFtGlN4g.STO0BtQ-BKKjDsoVJe7JoeMC8k5E_vw1y4BEroeUfhcg.JPEG.pur_ple_mang_o%2FKakaoTalk_20210610_131949549_09.jpg,https://search.pstatic.net/common/?autoRotate=true&quality=95&type=f180_180&src=http%3A%2F%2Fblogfiles.naver.net%2FMjAyMDA3MDJfMTky%2FMDAxNTkzNjk2Nzg2MDAz.BSkqk24XC0kRxpfjt4ASH69eTrSy3fBan-EN-zn8cXUg.AnQ3Xc_QqCScwH51FIdJ92xdnmbd34aiXWHMWscu9usg.JPEG.sujinsong91%2FIMG_1328.jpg,https://search.pstatic.net/common/?autoRotate=true&quality=95&type=f180_180&src=http%3A%2F%2Fblogfiles.naver.net%2FMjAxNzA2MjJfOTEg%2FMDAxNDk4MDkzOTc1OTUy.AQkyj_pJu1jeLHb9OzwJYdTwuACp-e6W_31O-5t_hC8g.q2FPwj21l-dMuv91tS27xCAqalnfLPnAccUuwZnuYuwg.JPEG.x_x8790%2FKakaoTalk_Moim_5alXi95WC2dQB8jN5frb9sWyEKBg9X.jpg,https://search.pstatic.net/common/?autoRotate=true&quality=95&type=f180_180&src=http%3A%2F%2Fblogfiles.naver.net%2FMjAyMjAyMDdfMTgy%2FMDAxNjQ0MjE0ODQ5NTUw.PzQ_6vWz-cg7qH4VuOeRXUVURdXXkRuPLQFSplaCncUg.Dsk1z9Tmys729ICHflrBynVvEj9VMmxXne3XnIHPcb8g.JPEG.yerim8884%2FIMG_8795.jpg,https://search.pstatic.net/common/?autoRotate=true&quality=95&type=f180_180&src=http%3A%2F%2Fblogfiles.naver.net%2FMjAyMDEwMTZfNTUg%2FMDAxNjAyODIwNDMzNzU1.W0wH7YyYRANB9vNvoYWTtqBiMcHmuUpiFAVDLpJQl9Mg.u3Nj2wLmzDk7YEQWEqDEFW-WYB711bGnCNakq9Irbugg.JPEG.ohph%2F1602816932442.jpg,https://search.pstatic.net/common/?autoRotate=true&quality=95&type=f180_180&src=http%3A%2F%2Fblogfiles.naver.net%2FMjAxODA4MTBfMjc4%2FMDAxNTMzODg2NzA0MTI0.XHLnL_p6bbZJ6LqHnQ7xJx8ULNFUEO65ktyeikolkCwg.i2XaV1UyzOmJYsJalt38u4DJ5Q-7dxEHdCI6IaNTsTsg.JPEG.jkdkslwbfjq%2FDSC08879.JPG,https://search.pstatic.net/common/?autoRotate=true&quality=95&type=f180_180&src=http%3A%2F%2Fblogfiles.naver.net%2FMjAyMTA0MDRfMjAw%2FMDAxNjE3NTQzNTczMzQ5.2JY2Nllzh0YORduk7TnIYQlHyU_VnbO58wqz32bFG9Qg.G8fH5YdtvHUn0nNOhh4azy6WLB5WUj6KUJg5JRov0CUg.JPEG.jiwon2533%2Foutput_1380547387.jpg,https://search.pstatic.net/common/?autoRotate=true&quality=95&type=f180_180&src=http%3A%2F%2Fblogfiles.naver.net%2FMjAyMDA5MTBfMjEg%2FMDAxNTk5NzQ3MjIxMTc0.aA6eSImuUM2y2CWkddK4cls1Ar_u_Ro2iQb2BHAZG5Ag.BnLRdnNRNzhU95YYJTpbzFi-ogYCXNlcMaQyto7-97cg.JPEG.hoduuu_u%2FIMG_2218.jpg,https://search.pstatic.net/common/?autoRotate=true&quality=95&type=f180_180&src=http%3A%2F%2Fblogfiles.naver.net%2FMjAyMDEyMjVfNDAg%2FMDAxNjA4OTAzOTY4Nzk0.TE3I6DLa-QmK0WGOovhJeDJQYLZxp4w05iaBZGxbJf8g.ENcQsRzQDcvsnQVi2y0rVk4tBARTRihkx6Qf85jw_Q0g.JPEG.katofel%2F1608903966241.jpg"
5,Jbout,,이탈리아음식,"에스프레소,아메리카노,카페라떼,바닐라라떼,카푸치노,카라멜마끼아또,카페모카,얼그레이/페퍼민트/루이보스/캐모마일/녹차,소프트아이스크림,아이스놀라,생과일주스(자몽/오렌지/토마토/키위),에이드(자몽/레몬/청포도),초코라떼,녹차라떼,미숫가루",5873,4.1,21,413,"가게 통창으로 보이는 뷰가 훌륭함👏 하지만 좀 비싼 편,,,/맛도 위치도 경치도 거리두기도 잘어있고 다 너무 좋아서 애용합니다/그냥 석촌호수뷰 볼 수 있는 카페 비쌈 ㅠ/석촌호수 뷰가 너무 좋았어요/가볍게 맥주 한 잔 하기 좋아요/좋아요 호수뷰에 맛도 좋아요/좋아요/굿/경치빼곤 너무 너무 별로. 집근처라 자주왔는데 서비스도 안좋고. 서빙,테이블치우기,남은거포장까지 직접하라네. 알바들 너무불친절하고, 추워서 따듯한물한잔 달라하면 눈빛조차 불친절.. 여기오면 기분이 안좋아지는것 같아 이제 오기싫음..","https://search.pstatic.net/common/?autoRotate=true&quality=95&type=f180_180&src=http%3A%2F%2Fblogfiles.naver.net%2FMjAyMDA0MTBfNjMg%2FMDAxNTg2NTAwMDQzNTE4.OUT7aK4FNkX3rOJ_wcPci2g76sF9pbntPbJjfm9Ad04g.3m886TncOZzuz1Ll426XkZxgbutXZbbGkVj1fKPAXqwg.JPEG.mijaa0a%2FIMG_6906.jpg,https://search.pstatic.net/common/?autoRotate=true&quality=95&type=f180_180&src=http%3A%2F%2Fblogfiles.naver.net%2FMjAyMTEwMDZfMjAg%2FMDAxNjMzNTI0MzI0NDM4.nUIssAqaxqdWthRUbVLbVL4P0zXoxoPFjmInVOhTdQEg.3QDUzuBOBXmDw6aj7CYaSfKh56RLWq1ZahePTOrSQb8g.JPEG.minah851%2F1633524327312.jpg,https://search.pstatic.net/common/?autoRotate=true&quality=95&type=f180_180&src=http%3A%2F%2Fblogfiles.naver.net%2FMjAxODA2MjFfMTg1%2FMDAxNTI5NTc1Njk5MTA4.GigH9TZrXzZ94MvgjaXpLszUTNGqXvNi9fTuPDFcUocg.6RxAwQSsa1DRM80TxpQJN2AhM_eI9Kepgc44EVP-G60g.JPEG.placebo1353%2FIMG_5709.JPG,https://search.pstatic.net/common/?autoRotate=true&quality=95&type=f180_180&src=http%3A%2F%2Fblogfiles.naver.net%2FMjAxODA2MThfMTE0%2FMDAxNTI5MzE0ODc0NjE2.9at38PaF0oAG_UUVwndwMriP89LLqCVt6Ain7yDg-C0g.kPPqMxXP1zmGVtTC1xnrVeI6ubgqvQa1gK5fCCODq_Ig.JPEG.rainlll%2FIMG_4578.jpg,https://search.pstatic.net/common/?autoRotate=true&quality=95&type=f180_180&src=http%3A%2F%2Fblogfiles.naver.net%2FMjAxODAzMjdfNjAg%2FMDAxNTIyMTE3MTgyNTEx.2K6JBurbi8vdfevnSCMnMh1uaD3xuwnLlEgrZZ1VC2Mg.kIE2WEh6MH4GqphfP2qxQlb9-nrJJ99OvLJAzc5d5-cg.JPEG.nddoo_%2FKakaoTalk_Moim_4BwtKHL4ZJGd0NRVyCHZgiq8llGXnk.jpg,https://search.pstatic.net/common/?autoRotate=true&quality=95&type=f180_180&src=http%3A%2F%2Fblogfiles.naver.net%2FMjAxODExMDdfNDgg%2FMDAxNTQxNTk4MTM5MzQ3.PmV221fDdcHSOu1BqvPMtx4JO5VOyOLcl5-fYAl1IFog.o5dadsQnKxQeujnvMTPUUL_G84SdNUFFfchHKVGg7TQg.JPEG.ninorang%2F24.JPG,https://search.pstatic.net/common/?autoRotate=true&quality=95&type=f180_180&src=http%3A%2F%2Fblogfiles.naver.net%2FMjAyMTAzMzFfMjk0%2FMDAxNjE3MTc3MTY4MTcz.gNKcJlFvcLo7lNukvKVOlEo76qRr2I34bbie9s5csHEg.x1dOsD86ERd1PKesdSz9nR9h415xcXrNl9EdNRTNdJYg.JPEG.kiji0803%2F20210330%25A3%25DF195752.jpg,https://search.pstatic.net/common/?autoRotate=true&quality=95&type=f180_180&src=http%3A%2F%2Fblogfiles.naver.net%2FMjAxNzEwMjdfMTAz%2FMDAxNTA5MDc1MjEwODA2.AZaRKJI39me26QNr6uRBeyJSYyXeyqE_GCupZdHuSOAg.J3HdiZDRFJAuCIFs2TI1EMUPYrrstW7j_06Ra9HKxD0g.JPEG.ekthf7000%2F2017-10-21-14-34-25.jpg,https://search.pstatic.net/common/?autoRotate=true&quality=95&type=f180_180&src=http%3A%2F%2Fblogfiles.naver.net%2FMjAxODEwMjlfMTg5%2FMDAxNTQwNzQ1MzAwOTIy.YlpW_VzeZ1IDuwIJESYhhq3bryEUrYrY9E2nReMaVb4g.pQJolG7XWCEWMXskpGBrn6KZ-Mtip4TiB8mB2ltEsIgg.JPEG.rlagmltn2%2FIMG_0484.jpg,https://search.pstatic.net/common/?autoRotate=true&quality=95&type=f180_180&src=http%3A%2F%2Fblogfiles.naver.net%2FMjAyMTEwMzBfMjU2%2FMDAxNjM1NTYzMjE0MDI0.7OgBcpKbPPpPUiae5iZTlfegqQJbfc34CwZ4Z-N2Zmwg.Z0bS-OwAljw-BvnMHlt10di-eov36Ipv2PmOIronSEUg.JPEG.nodoubt81%2FIMG_5160.jpg,https://search.pstatic.net/common/?autoRotate=true&quality=95&type=f180_180&src=http%3A%2F%2Fblogfiles.naver.net%2FMjAyMTA2MDVfMjYg%2FMDAxNjIyODgzNzk3NjY0.ardxZgfNTcclo9YY2bIkK3H_3ygKdbFgivMxP25-InUg.yLOZlROchv9aXsWy7TxiOdNgaXwtOjK23y_Vf0GnwwMg.JPEG.ddarumom%2FIMG_7213.jpg,https://search.pstatic.net/common/?autoRotate=true&quality=95&type=f180_180&src=http%3A%2F%2Fblogfiles.naver.net%2FMjAyMTA2MTJfMTM1%2FMDAxNjIzNDcwMTExNTMx.P2k-letbmRkwn-FEZk-VFUXI3jjD-o3_UMM5Fwbr72kg.sl4UNqqx3iBlcLkyTo5EpfpOypbZavAXQnq7r0vY2scg.JPEG.serenditype%2FIMG_4615.jpg,https://search.pstatic.net/common/?autoRotate=true&quality=95&type=f180_180&src=http%3A%2F%2Fblogfiles.naver.net%2FMjAxODEyMDJfMjY3%2FMDAxNTQzNzI0NzcxMzcy.6T8qhZdKzyJLYAPBRKgvUn7CVj1jVjheqSrQ-GpxhoIg.WHPkfspHOFQKyaXcNXBoSPugQSBI2llY6ZlvuijFwT8g.JPEG.qbxl-love%2F1543724765524.jpg,https://search.pstatic.net/common/?autoRotate=true&quality=95&type=f180_180&src=http%3A%2F%2Fblogfiles.naver.net%2FMjAxNzExMjlfNjYg%2FMDAxNTExOTIxMzE1NjU0.cT4AoiGCYD6DCRzA20n5XNLcKMtrHDS8L4TtTj4_9a4g.oLp7OvCMLsYzh1YWFdL0FcmZiaqasn0ULyYl7tyJPAYg.JPEG.jinijesus%2FIMG_1953.jpg,https://search.pstatic.net/common/?autoRotate=true&quality=95&type=f180_180&src=http%3A%2F%2Fblogfiles.naver.net%2FMjAxNzExMTVfODkg%2FMDAxNTEwNzMwNTIwOTk0.mKUQaIif7_Y0s3pW4pVIDlm8lz1uJZqlQxnNDfOwIjIg.erwzYo6hRSnMUYyHqemYCVV0MhEK-sKcDpK0yUlkV3Qg.JPEG.songpamatgol%2F20171113_162122.jpg,https://search.pstatic.net/common/?autoRotate=true&quality=95&type=f180_180&src=http%3A%2F%2Fblogfiles.naver.net%2FMjAyMDEwMTlfMjQw%2FMDAxNjAzMDM1NzE3NDA1.6XsXbDFcnnEg0MA4S9StASjCgHsAM9YPs6dSOAWeVa0g.3V4BRae7zuWeAIBQ1NvfVDC3HlXDdB2ks-RgKDd--hYg.JPEG.bodornim22%2FIMG_2349.JPG,https://search.pstatic.net/common/?autoRotate=true&quality=95&type=f180_180&src=http%3A%2F%2Fblogfiles.naver.net%2FMjAxODA0MjJfMjkz%2FMDAxNTI0Mzk4OTMwODMx.fSHrBQVuKjtcXePszOvZwC2p_nByyZefV3dfx8pmw6Ug.X5zON9w7pka3EBY_F3TRxJUGZlSR5-Lr8wLiOM1I7nIg.JPEG.bananas02%2FP20180421_174524644_F4AE05D2-B268-4066-A35E-BD1C1623296B.JPG,https://search.pstatic.net/common/?autoRotate=true&quality=95&type=f180_180&src=http%3A%2F%2Fblogfiles.naver.net%2FMjAxOTEyMTFfMTcz%2FMDAxNTc2MDM1NDgyODk3.BJV74R1VFK90zii84wqYWOv8BS89qMFFzD4kG5Ks2Twg.AZ8iHuVV00RWLDm1e1F-pq1l7OkVE5QBv96-gRBqkBYg.JPEG.carrysoda%2FKakaoTalk_20191211_003104449_23.jpg,https://search.pstatic.net/common/?autoRotate=true&quality=95&type=f180_180&src=http%3A%2F%2Fblogfiles.naver.net%2FMjAyMDA2MjFfMjM0%2FMDAxNTkyNjk0NTg4Mjgz.FgYRRI-kSpDTaGuGVDu7XprtaWe9wDaiY21LOYnnzfEg.QHDgw155RHMu9y3pKCW_GcCrQrPSR_pFAbkuB_c_IIog.GIF.id77799%2F2674285368.gif,https://search.pstatic.net/common/?autoRotate=true&quality=95&type=f180_180&src=http%3A%2F%2Fblogfiles.naver.net%2FMjAyMjAzMzFfMTY3%2FMDAxNjQ4NzEzODU1NjE0.jD5mWXaiMFeAyPmGpAwJMmH9tnLUGrwGjivxmldJTpUg.R_GPZZO8rbslXmKWimj9r9YGxLq450xGEM7U2xaltJsg.JPEG.7298r%2F20220308%25A3%25DF114448.jpg,https://search.pstatic.net/common/?autoRotate=true&quality=95&type=f180_180&src=http%3A%2F%2Fblogfiles.naver.net%2FMjAxODA2MDFfMTY0%2FMDAxNTI3ODYyMTI0NTc4.sRO6SM1aaMFtMSp_LoqxZTRQ1BBNl5TNMiD2v5SLpxQg.NTNPCJ0miVrXAYeixhc2uiaGxMjR0ElUdpJJJnBCV0og.JPEG.merit365%2FIMG_3563.jpg,https://search.pstatic.net/common/?autoRotate=true&quality=95&type=f180_180&src=http%3A%2F%2Fblogfiles.naver.net%2FMjAxNzExMTVfMjA1%2FMDAxNTEwNzI5ODgyOTA1.Tb0UW5pnZ9KX016GEVJk0awCRmX_r5f-bI6MwSbeoIEg.rQg1TDfK1wgFAm0jQ_tKyOvEyAuyJlP6JqCgssgWwJgg.JPEG.songpamatgol%2F20171113_111130.jpg,https://search.pstatic.net/common/?autoRotate=true&quality=95&type=f180_180&src=http%3A%2F%2Fblogfiles.naver.net%2FMjAxODA3MzBfMTE1%2FMDAxNTMyOTU0ODM5MDE3.DAJsRErwXAP1lOofd3p5SQFrzUZq5rqrisdK4MSSyuIg.bBzw3wxbw1Uqy6rWjJkJaCKP-8b2r-GXqJ1iNsI5SvUg.JPEG.bo8617%2FKakaoTalk_Moim_4AHv59RVJORy2ZkqgG7xIqOoDyyAqS.jpg,https://search.pstatic.net/common/?autoRotate=true&quality=95&type=f180_180&src=http%3A%2F%2Fblogfiles.naver.net%2FMjAxODA0MjJfODgg%2FMDAxNTI0Mzk4NTExMTc4.Wlim8xqgmDab1bqRHfwO6MB9Z8FNqExGNC8vrnz-Mpog.mSsQxg-yeHTEU-0cL4mSsfOiwx9GFxfPW0j1tyto3_Yg.JPEG.bananas02%2FP20180421_174028263_03180FD8-53EE-40BF-8983-3C0ECC05B66E.JPG,https://search.pstatic.net/common/?autoRotate=true&quality=95&type=f180_180&src=http%3A%2F%2Fblogfiles.naver.net%2FMjAxODA2MjFfMTcg%2FMDAxNTI5NTE1MDcxOTk3.eDyWs6r430GxDnBIrl5dPR41lTR9r5q2soX_lokq65kg.KltXM_FHR6KBJmUE_M8xR4mIUztQOptzsDVcf1BTutQg.JPEG.rhtmfrl23%2FattachImage_2624890390.jpeg,https://search.pstatic.net/common/?autoRotate=true&quality=95&type=f180_180&src=http%3A%2F%2Fblogfiles.naver.net%2FMjAyMDEwMThfMTMz%2FMDAxNjAyOTg3MDM1MDQw.Tw9Rpbnx0TlCiYc0D8JUgVNthk7FN-VIJO5B8Mmxviwg.H7JlNcL39s23kuGvXW65S4WMlPH-9Phh0lWZNMbcTm8g.JPEG.cclee07%2FIMG_8582.jpg,https://search.pstatic.net/common/?autoRotate=true&quality=95&type=f180_180&src=http%3A%2F%2Fblogfiles.naver.net%2FMjAyMDAzMTJfMTc3%2FMDAxNTg0MDAwOTY5NDE1.EMUGfSJ2VkO3i1JM5rvDwuv7RLln3Fm_SGFiMl3SDXYg.w4fYdi4mNlfX3EUJnPcBrJ9hh9Z863NSK5kJraNP0nEg.JPEG.cofgr9763%2FIMG_4106.JPG,https://search.pstatic.net/common/?autoRotate=true&quality=95&type=f180_180&src=http%3A%2F%2Fblogfiles.naver.net%2FMjAxODA2MTRfMTYy%2FMDAxNTI4OTIzMzA4OTI5.g2Tz5J-gFg6xb_Gx9PWOcKQxqMSoBMawX7lCbPWkJK8g.tL1IjqpGRqMH9SgEpwJ8jMPz6hOMsW04F1_4lLXQTTYg.JPEG.bora900109%2FIMG_0318.JPG,https://search.pstatic.net/common/?autoRotate=true&quality=95&type=f180_180&src=http%3A%2F%2Fblogfiles.naver.net%2FMjAxODA2MTVfMjQ2%2FMDAxNTI5MDcwNTU4MTcw.fbXHNs_xYWd2f5dXP_UZviFLoplOBJahm19NDFw7J-wg.ZnbBBpI-Vw5IOS-eer8xC53br-gC_Xri7MqDM1rUUA0g.JPEG.leeboon5926%2F20180615_142954.jpg,https://search.pstatic.net/common/?autoRotate=true&quality=95&type=f180_180&src=http%3A%2F%2Fblogfiles.naver.net%2FMjAyMjA0MDlfMTM0%2FMDAxNjQ5NTA0MTMzMjM3.Yt9Ij7r8aitPcWd-uOTs6D5Q01aFAAEAu71LaU86iMog.ivYjFckwmKyOaGIgTpLbjSo7uZByB-SCNe1ykSBxfp4g.JPEG.srukimm%2FIMG_0589.jpg","https://search.pstatic.net/common/?autoRotate=true&quality=95&type=f180_180&src=http%3A%2F%2Fblogfiles.naver.net%2FMjAyMDAyMDlfMzMg%2FMDAxNTgxMTkzNjE4NjEy.3DO-DZw5NnCjNFNMy8TrPUaC2JFLRc9eeJdWovNz7Mgg.Mqg_azdEwWDRPd-exTwAr5227cZpFcaYnM8jAuJ8gO4g.JPEG.puresummer%2FP20190710_105200711_4CCA0F9F-B80B-45E3-9102-384346969F46.JPG,https://search.pstatic.net/common/?autoRotate=true&quality=95&type=f180_180&src=http%3A%2F%2Fblogfiles.naver.net%2FMjAxODAzMjNfOTIg%2FMDAxNTIxODE2MzU5MDQ0.vceT4wjpVrnJ1ZKD9oE3Or7JL8sVOiMrszq34SQWXKog.exGwx6FhQ0rRYSrL-jvpLX_ZUXx2RbOOT4AqXhSIY1Qg.JPEG.rlrud8707%2F%25BC%25AE%25C3%25CC%25C8%25A3%25BC%25F6_%25C4%25AB%25C6%25E42.jpg,https://search.pstatic.net/common/?autoRotate=true&quality=95&type=f180_180&src=http%3A%2F%2Fblogfiles.naver.net%2FMjAxODAzMjZfMTIz%2FMDAxNTIyMDY4NjU2Mjcz.JVg3Ml6J_05lNgoZ2ytlLXFLxfnAyB2mh75uzVuPOgQg.o8bPKZ6YFzf3eqF_kefceh-BNM7Rebw5P6dAikklT6cg.JPEG.nyeon504%2FIMG_1398.jpg,https://search.pstatic.net/common/?autoRotate=true&quality=95&type=f180_180&src=http%3A%2F%2Fblogfiles.naver.net%2FMjAxODA1MjFfMjU1%2FMDAxNTI2OTA2NTIxOTYy.9IqSER7ss4q3YrVFsyNtcAL_PR9M7BG_KoymDRzH3MEg.IGYrR0Q2FDMcEQQesHKq2AfO7mh1AhTCCTtsL04KWbog.JPEG.romanticox_x%2FIMG_7270.jpg,https://search.pstatic.net/common/?autoRotate=true&quality=95&type=f180_180&src=http%3A%2F%2Fblogfiles.naver.net%2FMjAyMTAyMTlfMTU1%2FMDAxNjEzNjYzMjQ4Nzc3.tiQMo3rMh_pqYVRfciuTfP7WAGqiMDcG_WywyzKpHpIg.SoX41XioO4QBG0zsOF0oo8wv4J63lCg7PTkM97bTXrcg.JPEG.15mkim%2Foutput_1673060123.jpg,https://search.pstatic.net/common/?autoRotate=true&quality=95&type=f180_180&src=http%3A%2F%2Fblogfiles.naver.net%2FMjAyMDA3MTJfMTA5%2FMDAxNTk0NTE2OTc2OTg0.eEVuI2_bhRy1s-weYvU8wtjOymyW0Leb0utYrIczANIg.L106j2uqZlrEKOorrtslIaNYVW3Cl6bAF5k4KLt-CZ4g.JPEG.sandan327%2F1594516975648.jpg,https://search.pstatic.net/common/?autoRotate=true&quality=95&type=f180_180&src=http%3A%2F%2Fblogfiles.naver.net%2FMjAxOTA3MjVfMTQ1%2FMDAxNTY0MDE5MTY2NjM4.dScS4ALkfF2Rnhe5m_pOW01vATz0i-jZXaSjieXDTykg.2uz2mZBktbWevfyDuGofY6CJg8ksx2KDmwVf0m8rBU8g.JPEG.seunghee311k%2FKakaoTalk_20190724_101607916_07.jpg,https://search.pstatic.net/common/?autoRotate=true&quality=95&type=f180_180&src=http%3A%2F%2Fblogfiles.naver.net%2FMjAxOTA1MTFfMTA0%2FMDAxNTU3NTQwNzI1OTQ0.GzA0DEbKK8NStN9cIejup-6vv64Uf8Sm2HgKlefp7C4g.ACBoYX0_Ynct8GVRV3Q3KSbbAat1uvKeC-2oG_9vVUog.JPEG.attract7070%2F20190424_193626.jpg,https://search.pstatic.net/common/?autoRotate=true&quality=95&type=f180_180&src=http%3A%2F%2Fblogfiles.naver.net%2FMjAxNzEyMTFfMjA1%2FMDAxNTEyOTU2ODUyNjIy.1juEpALNoL448f5iG1Gk_1ECnNdTd116VUumWIG_UBkg.yFZt-tYLgqU6lqr-wVs0uEawmu_np0xg9JAS8S4fNYMg.JPEG.rsy0321%2FIMG_1910.jpg,https://search.pstatic.net/common/?autoRotate=true&quality=95&type=f180_180&src=http%3A%2F%2Fblogfiles.naver.net%2FMjAxOTA2MDJfMjMg%2FMDAxNTU5NDYxMjAxNDU1.63HnPb5Ud_eeA4roUANQyEeGmVDJdTalq2SqOdMlFJ4g.nOLOfHbs-J9KJnsBgS8-A9MiG16JNsVjYEe1Bij8Zj8g.JPEG.tnwls7470%2FJBOUT6.JPG,https://search.pstatic.net/common/?autoRotate=true&quality=95&type=f180_180&src=http%3A%2F%2Fblogfiles.naver.net%2FMjAyMTEwMDZfMjE4%2FMDAxNjMzNTI1MDM2MTIx.p_7SGQIRAQZDAgcp9n5Jmh1l8HXj8RMxQcN6Xj2fLFkg.6-x8gf02r6uhK8-48dERANNlg4V4S9FbTEXelT-VtqYg.JPEG.minah851%2F1633524265282.jpg,https://search.pstatic.net/common/?autoRotate=true&quality=95&type=f180_180&src=http%3A%2F%2Fblogfiles.naver.net%2FMjAxNzExMDdfMTQ5%2FMDAxNTEwMDIyNjAyOTU5.s7pedk8PKjs3Qn9hYAyuJCopiPb9sJuAdCdl6jJV1QEg._dC7kAJaPPc7C3P7kyLTeehkwe_WFoOYnWpQWkCSuuYg.JPEG.youhwa35%2FNaverBlog_20171106_134427_04.jpg,https://search.pstatic.net/common/?autoRotate=true&quality=95&type=f180_180&src=http%3A%2F%2Fblogfiles.naver.net%2FMjAxOTA2MDhfMjM4%2FMDAxNTU5OTYwMDIyNTE2.WXa_wdRS9hiLlyeQIJN_SEqCdwHFxheb_TMoeYbE-isg.6AebHInLyzwgUamUmWF_Wk7i5yjp8CfqDyuhA88XwEsg.JPEG.ebwsh%2FP20190606_132320003_9DDB05A5-2A80-446B-B484-33F99C506601.JPG,https://search.pstatic.net/common/?autoRotate=true&quality=95&type=f180_180&src=http%3A%2F%2Fblogfiles.naver.net%2FMjAxODAzMDNfNTEg%2FMDAxNTIwMDQxNzE1NDIw.WS93vXETKWcKUoHj-8MvjciQ7oeUV1WpFDbJWD2RnYkg.qlSMxqqBAyBUV9t1y6mDqfBEaKr9Vy3NQ4HuWEdYEhog.JPEG.9sunny2%2FIMG_0851.jpg,https://search.pstatic.net/common/?autoRotate=true&quality=95&type=f180_180&src=http%3A%2F%2Fblogfiles.naver.net%2FMjAyMjAyMTNfMTk1%2FMDAxNjQ0NzQ2MDc1NDY4.vLMFntcjNGxrx93N8Zjkin0RR4-FE86TkmjCYGm0wQsg.da2xOp6k6ZnfJPwee8lUO95FF5Ijfck5vVkhkBU5gmYg.JPEG.whgdk425%2F20220213%25A3%25DF125344.jpg,https://search.pstatic.net/common/?autoRotate=true&quality=95&type=f180_180&src=http%3A%2F%2Fblogfiles.naver.net%2FMjAyMTEyMjFfNjkg%2FMDAxNjQwMDgyMTk3MjMy.9wUmXJEWBnDsDceB3THix7IkbLwGIpu_TYhoiZxhWAgg.ncop5IxQAj0QO9EAc4udbov4cSMAv9yMVL-f2lFPi6kg.JPEG.psy7956%2FKakaoTalk_20211221_164651136_01.jpg,https://search.pstatic.net/common/?autoRotate=true&quality=95&type=f180_180&src=http%3A%2F%2Fblogfiles.naver.net%2FMjAxNzExMDFfMjEz%2FMDAxNTA5NTQyNjI4MDc1.pCDUE-XS3IedbN2oOnHn9MdqK7E2AeWuSByDnP2_eUIg.JAFnTLBfL1GeJS4AGGoRazR-nZnLBxxLAOR25w2Rlc4g.JPEG.heim620%2F024.JPG,https://search.pstatic.net/common/?autoRotate=true&quality=95&type=f180_180&src=http%3A%2F%2Fblogfiles.naver.net%2FMjAyMTA0MDVfMjc0%2FMDAxNjE3NTg5MDI2NjU2.L6VmhvrPH9v9TxfAh8TmetzU-LF3yhZRYP9w4P3S2rYg.PlAxbWcbIct9dKjiSu1ocX0TFQN9eD3T_u3nIbDQD6Yg.JPEG.psjy11%2FIMG_9628.jpg,https://search.pstatic.net/common/?autoRotate=true&quality=95&type=f180_180&src=http%3A%2F%2Fblogfiles.naver.net%2FMjAxOTA2MDhfMyAg%2FMDAxNTU5OTYwMDI3ODUy.TJ01z9VfozTTh38N4OoIBj_k7PgqMqRfqHZPsQvg3aYg.W4rhvk4qVceMnQy8GL4d8fOzKYvuFSFaYbGYQtTNl2og.JPEG.ebwsh%2FP20190606_132506102_4CDC4D98-994A-4B14-97A3-0347AC4A8C7E.JPG,https://search.pstatic.net/common/?autoRotate=true&quality=95&type=f180_180&src=http%3A%2F%2Fblogfiles.naver.net%2FMjAyMTEwMjRfNDYg%2FMDAxNjM1MDI1Mjc5MjY5.V0WW6H2PMcFIVkuzFxDmstU5CWii5yQ99I1GUqYITcIg.bpHSF0xsErhwk8N7oWMhU-Vbt_17h6E7f7jTlf6M3QEg.JPEG.hyveritas%2FIMG%25A3%25DF20211016%25A3%25DF143237.jpg,https://search.pstatic.net/common/?autoRotate=true&quality=95&type=f180_180&src=http%3A%2F%2Fblogfiles.naver.net%2FMjAxODExMDNfMTc3%2FMDAxNTQxMjQ2NDY4MjM5.KnGClOvQrsJUeWk5UNw9cQJ1zqN9XN7sAfg116Cc8vsg.d_ab1EKTdqExfMWIpyLsB5-slVMrvV3IqKS8hTWLfxAg.JPEG.rnldua4903%2FIMG_8426.jpg,https://search.pstatic.net/common/?autoRotate=true&quality=95&type=f180_180&src=http%3A%2F%2Fblogfiles.naver.net%2FMjAxODA5MDNfMTc4%2FMDAxNTM1OTUzMDU5NDkx.71IDsMNlQWXFzrGRChPWKpMn0b-nXHAcrhukrACUlpcg.eoGHSRtF6H21BPNAf78qPJbMLrIm4CkUCkE4EPuexWMg.JPEG.yeena0605%2FIMG_4794.jpg,https://search.pstatic.net/common/?autoRotate=true&quality=95&type=f180_180&src=http%3A%2F%2Fblogfiles.naver.net%2FMjAyMDA2MDlfMTE0%2FMDAxNTkxNjY4MTI3MTc3.yxU37WikBMwnVHpQc5fibvy_zgWvhqgWTGat4iXwJDAg._FD2BGkPDjHl58TjkbjFKJbKsEBVP6IB2sYVG7-EQ1og.JPEG.minyeo422%2Foutput_778556508.jpg,https://search.pstatic.net/common/?autoRotate=true&quality=95&type=f180_180&src=http%3A%2F%2Fblogfiles.naver.net%2FMjAyMTA0MDZfNzYg%2FMDAxNjE3NjcyNjU4NDMx.hYXSJxvG1l_OYTW9oCOgf-Fl0baw1rNZdJ6s5nZMtUgg.NbPNv4fpLPoHfj598x8qIHkE6dXcQF5Vv3hBSrfp598g.JPEG.monogasm%2F20210405_103732_HDR.jpg,https://search.pstatic.net/common/?autoRotate=true&quality=95&type=f180_180&src=http%3A%2F%2Fblogfiles.naver.net%2FMjAxODA2MDdfMjMy%2FMDAxNTI4MzY4MDg3NjMy.qTLL7jbxwdqlZxC5I1NgqUkxikaRcnSKPYzkbO0zYmcg.JUf-RLaC5RQ8bxm_reJuVAsOruH0UnBDqtOWBwIvFRAg.JPEG.juuu810%2FIMG_6087.jpg,https://search.pstatic.net/common/?autoRotate=true&quality=95&type=f180_180&src=http%3A%2F%2Fblogfiles.naver.net%2FMjAyMDA0MjNfMTgg%2FMDAxNTg3NjEwMTAxMzQ5.PkrfSm0tLa9wBzLw2jKqUxkGEGnGoByroA9d9UMOfQIg.pMWFuA328gX6pj7BGfXwvuvEVmsLvcjJemUni5DSIkIg.JPEG.frozen1992%2Foutput_200777593.jpg,https://search.pstatic.net/common/?autoRotate=true&quality=95&type=f180_180&src=http%3A%2F%2Fblogfiles.naver.net%2FMjAxNzExMDFfMTc4%2FMDAxNTA5NTQyNjExNTk0.ij9dvOvcah_46OxL7T13pzcUQygtO-XTxqkpBRYUoz4g.l5SQRXas9vnXTjqiqpe2r_CYgSP2aBDBKSrQLlk_18Ag.JPEG.heim620%2F018.JPG,https://search.pstatic.net/common/?autoRotate=true&quality=95&type=f180_180&src=http%3A%2F%2Fblogfiles.naver.net%2FMjAyMTA1MDhfMTQx%2FMDAxNjIwNDQzMDM0MjIw.IcPTgLvL4oIqreNWWVBmp7xKQiebYsjF-ScefRQ6yDUg.7O10V7yieUh4MECMxAveVLGI_fllNEvoaOrfmtuj7cwg.JPEG.soom_soy%2FIMG_6046.jpg,https://search.pstatic.net/common/?autoRotate=true&quality=95&type=f180_180&src=http%3A%2F%2Fblogfiles.naver.net%2FMjAyMDA1MjRfMjc2%2FMDAxNTkwMzI0NjExMzMz.OZnchg08zWcIv7XbToisdvv2Yto__T0KA5rU40R7GQMg.7ZMHDn_9rFVzg_2ril2hQeny-ab1hCl_JU6SK4B9Ckgg.JPEG.noah1492%2FKakaoTalk_20200524_214032259.jpg,https://search.pstatic.net/common/?autoRotate=true&quality=95&type=f180_180&src=http%3A%2F%2Fblogfiles.naver.net%2FMjAxODAzMDNfNTcg%2FMDAxNTIwMDQxNjU2MDY3.37vhBuU5e84G8h1Lu0uKdGURKngZ80lSN9m68jaGpScg.As7itDgBthaxaG4HZyBNc5AAtYRBKDxaKfKP8Ij-pnsg.JPEG.9sunny2%2Foutput_2819448038.jpg"
6,피에프창 롯데월드몰점,,아시아음식,"몽골리안 비프,창스 치킨 레터스 랩,피에프창 시그니처 디저트 (커피 포함),글루텐 프리 메뉴,베지테리안 메뉴,크리스피 허니 쉬림프,로 메인 콤보,링 오브 파이어 쉬림프,런치메뉴",25440,4.39,1343,3298,"사람들 지나다니는 통로에 서계시던 여자직원분 넘 친절하셔서 기분 좋았어요ㅠㅠ2명 가서 3인 세트 시켜먹었는데 양배추만 조금 남기구 거의 다 먹었어요 ㅎㅎㅎㅎㅎ 후식까지 최고💖 후식음료로 커피말고 녹차같은 다른 티종류도 있었음 좋겠어요. 커피못먹는 사람두 있으니까../전반적으로 홀리차우와 비슷한 메뉴 구성인데 양념에 차이가 있다. 이곳이 조금 더 명쾌하고 진한 맛을 선사한다. 짠맛은 두 곳 다 비슷하고… 이것이 덜 느끼하다. 몽골리안 비프가 군더더기 없이 깔끔한 맛이고, 링 오브 파이어 쉬림프는 불맛이 좋다./좋은 뷰가 있는 자리로 접아주셨어요^^ 친구들과 4인세트 먹었는데 이날 따라 몽골리안 비프가 너무 맛있었어요. 삼성점, 동대구점에 비해 훨씬 맛있었습니다~ 먹느라 정신없어 사진을 못찍었어요 ㅠㅠ/좋은공간에서 멋진 시간 보냈습니다 독특한 소스맛을 느낄수있어요/맛있네요!! 양배추도 신선해서 너무 맛있었어요 특별한 음식 먹고 싶을 때 오면 너무 좋을 것 같아요 창스 치킨 레터스랩과 바닐라크림완탕이 맛있었어요/반년간 6번도 더 넘게 방문했어요 넘 맛있어요/비싸지만 맛있어요 ㅎㅎ 나중에 또 가려구요 :)/2인세트로 주문했고 메인디쉬와 디저트까지 모두 맛있었습니다^^ 그리고 친절하셔서 좋아요/피에프창은 미국에서부터 즐겨먹던 레스토랑인데, 롯데월드몰은 뭐가 없는게 많네요. 피에프창 시그니처 3소스도 없고, 자스민티도 없고, 여러모러 조금 아쉽네요. 음식도 나중에 온 팀한테 먼저 가고, 메인디쉬가 볶음밥보다 늦게 나오고해서 조금 미숙한 서비스가 아쉽습니다/들어가자마자 옆테이블에서 립스틱이 묻어나왔다는 소리를 듣고 제컵을보니 고추가루가묻어있었구요..죄송하단말없었지만 넘어갔습니다. 그리고 옆테이블과 메뉴도 바뀌어서 나왔습니다.. 청결도 최하. 맛최하. 신선도최하 정말 뜻깊은날 기분날 기분나쁜마무리했습니다.정말..피에프창 최악이었습니다....직원들이 오늘 하루 지친다라는소리들으면서 잘 나왔습니다.","https://search.pstatic.net/common/?autoRotate=true&quality=95&type=f180_180&src=http%3A%2F%2Fblogfiles.naver.net%2FMjAxNzExMjhfMjE1%2FMDAxNTExODM2MjcxMzg3.FtBQPrm9UPM7GqKDjqRGn5KdPLFUXEbAne7a-Vsg2EAg.JrzgEEUiOTP_0LK9jn4zEPwiTMcD2zvT3d_-RagXgkEg.JPEG.hojubwings%2FP7232625.JPG,https://search.pstatic.net/common/?autoRotate=true&quality=95&type=f180_180&src=http%3A%2F%2Fblogfiles.naver.net%2F20160322_26%2Fjmflower__14586482684254CTUW_JPEG%2FIMG_7301.JPG,https://search.pstatic.net/common/?autoRotate=true&quality=95&type=f180_180&src=http%3A%2F%2Fblogfiles.naver.net%2FMjAyMTA2MTVfNjAg%2FMDAxNjIzNzU5MzI2NDU4.M1l5XH7_XAcHi8PZFz8ZuC6oBHEHaa17-3o4lq_xuBog.aZQyxOMiIFt3H6mPWD6JmEOGxNphlK4LHoQTWXK4EHwg.JPEG.dododo6466%2F20210614%25A3%25DF114604.jpg,https://search.pstatic.net/common/?autoRotate=true&quality=95&type=f180_180&src=http%3A%2F%2Fblogfiles.naver.net%2FMjAxODAxMTZfMjMx%2FMDAxNTE2MDMwMzM3NDgz.d7HE4yIXTvcwhxEshtQFlPyByo9vxyZt3ikSOr-O9lsg.eLkZz16WPjvHB3OdEAHRd_ztSqDqda44sMAsoaSd7r4g.JPEG.skinpallet%2FUntitled-1.jpg,https://search.pstatic.net/common/?autoRotate=true&quality=95&type=f180_180&src=http%3A%2F%2Fblogfiles.naver.net%2FMjAxODA0MTBfOTMg%2FMDAxNTIzMzYxOTczODQ2.u3_9BH02zqz40Lu1FkZxIc19BEfTxCVPH53EWrNR97cg.n9cqU8UpYryXwkdEwBWHKUnwDuQbKlQ3mqrK00GVX8kg.JPEG.seul938%2FR0040067.JPG,https://search.pstatic.net/common/?autoRotate=true&quality=95&type=f180_180&src=http%3A%2F%2Fblogfiles.naver.net%2F20160515_255%2Fpolarbear_su_1463293675515EW1k4_JPEG%2FattachImage_2356588196.jpeg,https://search.pstatic.net/common/?autoRotate=true&quality=95&type=f180_180&src=http%3A%2F%2Fblogfiles.naver.net%2FMjAxNzA2MTVfMTIx%2FMDAxNDk3NTM1OTAwNDEz.yDXtRdWQ0R-iMZp1R-yqF-xZtJwXSov5H5Q-Ot9OHi8g.q4UNnL97u6JDQtmyxyIOZP_2nLS2MPwHfMscycTf8Kgg.JPEG.rosy0001%2FIMG_0014.JPG,https://search.pstatic.net/common/?autoRotate=true&quality=95&type=f180_180&src=http%3A%2F%2Fblogfiles.naver.net%2FMjAyMjAyMDFfMjkz%2FMDAxNjQzNjk2NzYyOTQz.nLNDYU_iFZvtQYGiH0uLefNJabUMYjvyuKVrsLQmc5gg.cLRICpdI083hWIhU0CmsJuxgT3sQbkVPCrjID630DUEg.JPEG.hyeinjhi%2F20220131%25A3%25DF150155.jpg,https://search.pstatic.net/common/?autoRotate=true&quality=95&type=f180_180&src=http%3A%2F%2Fblogfiles.naver.net%2FMjAyMTA2MjFfMjQy%2FMDAxNjI0MjUyODQ1ODc3.iDW3fbaztAnRAqt7wp0ILHnGYx42aYHl9ghXDcQKZXog.NK-NiMBggGw6mNhqOJmVifNvxILabIsxW9nfpQyTaQ8g.JPEG.bling9805%2FIMG_2949.JPG,https://search.pstatic.net/common/?autoRotate=true&quality=95&type=f180_180&src=http%3A%2F%2Fblogfiles.naver.net%2FMjAyMjAxMTBfMSAg%2FMDAxNjQxNzc1MDIxNTI0.4pFTdasraYmRWDq-13ZC1LsjuuUkDKID8wLONsu6c94g.dSCu6iePNXs759rZullqzqA2MonQRUzGzzHBkQp7sw8g.JPEG.dlgpwjd6548%2F%25C0%25E1%25BD%25C7%25B8%25C0%25C1%25FD_%252824%2529.jpg,https://search.pstatic.net/common/?autoRotate=true&quality=95&type=f180_180&src=http%3A%2F%2Fblogfiles.naver.net%2F20160412_37%2Fjpp1006_1460423323178h6Nqb_JPEG%2FP20160409_180538475_E341FC6E-2270-4B33-BF7C-D5A913C2A291.JPG,https://search.pstatic.net/common/?autoRotate=true&quality=95&type=f180_180&src=http%3A%2F%2Fblogfiles.naver.net%2FMjAyMTEyMTlfMjQ0%2FMDAxNjM5ODkzNDUzMTc2.N-_iL3WDk0kLWWoKMu1xF7qtcIZUHY1wgiscOlyxWe8g.IqwX4QSO7-7n1_dMiUGuQBHr0w4yGZWtJYJoVG5Ffq0g.JPEG.coswandering%2FIMG_2138.jpg,https://search.pstatic.net/common/?autoRotate=true&quality=95&type=f180_180&src=http%3A%2F%2Fblogfiles.naver.net%2F20151217_243%2Fmilk700ml_145034319414731EuJ_JPEG%2F%25C7%25C7%25BF%25A1%25C7%25C1%25C3%25A2%2528p.f.chang%2529007.jpg,https://search.pstatic.net/common/?autoRotate=true&quality=95&type=f180_180&src=http%3A%2F%2Fblogfiles.naver.net%2FMjAyMjAzMDhfMTM0%2FMDAxNjQ2NzUwOTg5NjM4.2M4KJeOKrb_Mm8snMIBuwg8-c0FTm_K63G0SMJ72Zqwg.KZQqM64vZDPjrYtcFSx2WjxpxkCaX-ciqAtlUiPFlJEg.JPEG.gpfls2022%2FIMG_4410.jpg,https://search.pstatic.net/common/?autoRotate=true&quality=95&type=f180_180&src=http%3A%2F%2Fblogfiles.naver.net%2FMjAxNjEyMDhfMjc1%2FMDAxNDgxMTk2MTUzODcw.xtsKbTjn503qdiYD1Pmh8XcY2wSopIiwey90gcJaY-Eg.0gOcKWvTikuiHZwC2Icd-Cy-YSapDjrtRym8Hk28FEgg.JPEG.damnhungry%2FKakaoTalk_20161208_135514557.jpg,https://search.pstatic.net/common/?autoRotate=true&quality=95&type=f180_180&src=http%3A%2F%2Fblogfiles.naver.net%2FMjAyMTExMDFfOTAg%2FMDAxNjM1NzQ1NzkyMjcz.Ooz2AVYnEYjLly0fleBYs39GVEUzSIr7ovK3cL5Re9wg.VwZuD-WOuXZxIkW3AGZGPfei_Ln1m6hyPLGyyejQnqIg.JPEG.yhnoholle%2FIMG_2721.jpg,https://search.pstatic.net/common/?autoRotate=true&quality=95&type=f180_180&src=http%3A%2F%2Fblogfiles.naver.net%2FMjAyMTA4MDVfMTc5%2FMDAxNjI4MTM4MDM1NjI0.5g0MHFh_wnyKldWRWGoo1GfVhaNsctDsuQBpJd5cpuIg.jyi3lFxR3HMbMMIjJnWJ5-UKMgP1R8xwi8ob1rNinDAg.JPEG.choiyun11000%2FKakaoTalk_20210805_070546610_01.jpg,https://search.pstatic.net/common/?autoRotate=true&quality=95&type=f180_180&src=http%3A%2F%2Fblogfiles.naver.net%2FMjAxNzEyMThfMTY1%2FMDAxNTEzNTg1ODM0NzIx.BdlNtZ08SDdsxSyFMXc1bYwixHEfLFnYU4K7viWHbYYg.8DUMhaK9_oAX7Id29ewlN_frkpHO0S88Q9xNwhkCdPwg.JPEG.mariayun41%2FKakaoTalk_Moim_4ATl0m18quSD8nXcwPKqnmvADper2G.jpg,https://search.pstatic.net/common/?autoRotate=true&quality=95&type=f180_180&src=http%3A%2F%2Fblogfiles.naver.net%2FMjAyMDA1MjVfMTI2%2FMDAxNTkwMzMzNzI5MDgy.-B9gwkvBkcKRiQUM-URHw1duuGkrjmE60aI1f69kfoQg.RDLKZ8uWQ_2Qe9YGL4NEa12Vwc865xocH8fm3JIZx7Eg.JPEG.pigy0319%2FIMG_4684.jpg,https://search.pstatic.net/common/?autoRotate=true&quality=95&type=f180_180&src=http%3A%2F%2Fblogfiles.naver.net%2F20151109_195%2Fs110409_1447026589574MhrYG_JPEG%2FNaverBlog_20151109_084949_27.jpg,https://search.pstatic.net/common/?autoRotate=true&quality=95&type=f180_180&src=http%3A%2F%2Fblogfiles.naver.net%2FMjAxODAzMDlfMzEg%2FMDAxNTIwNTg3NTYwNzM4.fuIa-esSIVCE5KrWg6mrEwiBHJA-ty8LMhHeI5PYnHcg.ClGhaiI6OH6nmBEeEeqC0nrBKC3gIwoMPSYyaWw0Jx0g.JPEG.ss2ln%2F%25C7%25C7%25BF%25A1%25C7%25C1%25C3%25A22.JPG,https://search.pstatic.net/common/?autoRotate=true&quality=95&type=f180_180&src=http%3A%2F%2Fblogfiles.naver.net%2FMjAxOTEwMDdfMjc0%2FMDAxNTcwMzc0NjAyNTQ5.zyXOu5Yt8ONIIolLDRtSM778wfIF1s9S_geT7e76Upwg.PwBdI5fcdpAHtn9SfhMbot20hkocZoJ1XuJmWXWa9K0g.JPEG.qndld22%2F1570374601493.jpg,https://search.pstatic.net/common/?autoRotate=true&quality=95&type=f180_180&src=http%3A%2F%2Fblogfiles.naver.net%2FMjAyMTA1MjVfMjg3%2FMDAxNjIxOTM3NTU3ODcy.UIozclPDpZsFxAx2faVKOE20mOn44SQM47w2_D-yGfsg.zYsvwYgGAtFgbCX4VtMCtt5pubZb5isJ5OfPCU-HvN0g.JPEG.wogur0217%2F1621937554495.jpg,https://search.pstatic.net/common/?autoRotate=true&quality=95&type=f180_180&src=http%3A%2F%2Fblogfiles.naver.net%2FMjAyMTA2MTRfMTk2%2FMDAxNjIzNjU1MTYwMDA0.FoFoA3gx_gUt-287zooogJ1b-JE3bjN2_UKy1Jrrrsgg.0hG-R2y9FYwH71mqDFSM9xG4cwCynoodozO9ATXIM0Ug.JPEG.ffuffuf%2FIMG_7298.jpg,https://search.pstatic.net/common/?autoRotate=true&quality=95&type=f180_180&src=http%3A%2F%2Fblogfiles.naver.net%2FMjAyMTEyMDVfMTE0%2FMDAxNjM4NzE0NzA1MjY4.wiRv6g4sqOEdvRCgRzOWUAlzYQnf8FMInsAS_Au0igkg.OBNUZI9kTulQS_CcprLgz0bpHJyPQP9eFlUQrwwBG2og.JPEG.yjyw0905%2FIMG_7336.jpg,https://search.pstatic.net/common/?autoRotate=true&quality=95&type=f180_180&src=http%3A%2F%2Fblogfiles.naver.net%2FMjAxOTAxMDlfMTA2%2FMDAxNTQ2OTk5ODI0ODEz.Nrwgb14m3FfiTf5R9Znv0xqoSv5rPGZcINuB_oDKAiIg.evDp14N3x3RWHaO2k8PgR2-dVcOKtwblHBocoyPzXuQg.JPEG.akdlzneo32%2F20190105_145123.jpg,https://search.pstatic.net/common/?autoRotate=true&quality=95&type=f180_180&src=http%3A%2F%2Fblogfiles.naver.net%2FMjAyMTA2MTdfMjcw%2FMDAxNjIzOTEzNzE2ODY3.PJlesWUuwo3i6pqQN6smW8qGGVWlgibOR5cKxJqqbjsg.DZ3V-Pi396et0PBYvw_ksIj9Dn4ChSzIlQPE4OaYRPYg.JPEG.sophia7164%2FKakaoTalk_20210613_002026785_02.jpg,https://search.pstatic.net/common/?autoRotate=true&quality=95&type=f180_180&src=http%3A%2F%2Fblogfiles.naver.net%2FMjAxODA2MDNfMTQ1%2FMDAxNTI3OTYyNjk0ODU4.E9Zl2U507HwqpKAL2-j3qNO-eCASVyt0DQru6NB3fdAg.TnsqMAvf2gdVCerQAwZ4GJ0QVyP1_SZAVz8FpeRK67Mg.JPEG.bingohwan%2F%25C7%25C7%25BF%25A1%25C7%25C1%25C3%25A2-013.jpg,https://search.pstatic.net/common/?autoRotate=true&quality=95&type=f180_180&src=http%3A%2F%2Fblogfiles.naver.net%2F20160322_154%2Fjmflower__1458645512462escN8_JPEG%2FIMG_7284.JPG,https://search.pstatic.net/common/?autoRotate=true&quality=95&type=f180_180&src=http%3A%2F%2Fblogfiles.naver.net%2FMjAxOTEwMDhfNiAg%2FMDAxNTcwNTI2NzM3OTYz.wvNJCbItzNAFmOJ9ZW4NGG98XXCUlKqeByhoZP1qtUMg.5tK21LWjNUJ4pZHoShtGk2IkVGr8UDg78B8pnP8XDDgg.JPEG.kiyultjs1106%2FKakaoTalk_20191008_182457382_03.jpg","https://search.pstatic.net/common/?autoRotate=true&quality=95&type=f180_180&src=http%3A%2F%2Fblogfiles.naver.net%2F20150512_165%2Ftattarrattat_1431421176445OfADW_JPEG%2F8.jpg,https://search.pstatic.net/common/?autoRotate=true&quality=95&type=f180_180&src=http%3A%2F%2Fblogfiles.naver.net%2FMjAyMDA4MjVfMTk2%2FMDAxNTk4MzIyNzc3OTIx.sihSRUJhONAqIwJFTzdoj1iUY1phps-EiMaRPa80_wog.oInHrIY26WFsmkvN3oJpzGv0pYSX4HW0_12xogOgEPQg.JPEG.minimal-warm%2F%25C7%25C7%25BF%25A1%25C7%25C1%25C3%25A2_%252815%2529.jpg,https://search.pstatic.net/common/?autoRotate=true&quality=95&type=f180_180&src=http%3A%2F%2Fblogfiles.naver.net%2FMjAyMDA2MjdfMTc5%2FMDAxNTkzMjI0ODM5OTIy.pQUKxo7FI9WcmYibo0maXyNO5m-QWPuwvY8vPXcA2ocg.0qBsqDdPpxiUeaEu6yI2eeefApHxPj6JXDkBncgIZrkg.JPEG.nomin-story%2F1593224840164.jpg,https://search.pstatic.net/common/?autoRotate=true&quality=95&type=f180_180&src=http%3A%2F%2Fblogfiles.naver.net%2FMjAyMTA5MTVfMjk5%2FMDAxNjMxNjYyNDY3ODUw.ePp-B3TEIDuM_k9B_UueszuzuHR3clIaHFPZ1-aUCFsg.JEEIIjfDDhFSkKuaxLtGZ6ry34x1T-EmbS7SibksS_sg.JPEG.kwakyoukyeong%2FIMG_2999.jpg,https://search.pstatic.net/common/?autoRotate=true&quality=95&type=f180_180&src=http%3A%2F%2Fblogfiles.naver.net%2F20160107_268%2Fsoyeon2395_1452165677448yqa0C_JPEG%2F20151224_133554.jpg,https://search.pstatic.net/common/?autoRotate=true&quality=95&type=f180_180&src=http%3A%2F%2Fblogfiles.naver.net%2FMjAxOTAyMjFfMTYw%2FMDAxNTUwNjc1NzA5OTM2.UQ3-jzLa_tVw5AHkT1scDP0ViRitcEMxL-o96Tiwk1cg.2cCPPELY-w3sAA4yk-NKNc691G8j1Rk2rGNyRpcHC-Ag.JPEG.jibi1108%2FSAM_6534.JPG,https://search.pstatic.net/common/?autoRotate=true&quality=95&type=f180_180&src=http%3A%2F%2Fblogfiles.naver.net%2F20160625_220%2Fyovictoria_1466857496480yxCkx_JPEG%2F%25B7%25D4%25B5%25A5%25BF%25F9%25B5%25E5%25B8%25F42.JPG,https://search.pstatic.net/common/?autoRotate=true&quality=95&type=f180_180&src=http%3A%2F%2Fblogfiles.naver.net%2FMjAxOTA3MDhfMTMg%2FMDAxNTYyNTg2NTk2MDYy.pRDLXTQXvfxpkYTTX3tS9UOOlNfVVAMUOsH8Vru-q-Qg.4EZfbCTtMIGYUuE_8yrV8NXv9iD-MqPzwFWScAPVO_Mg.JPEG.rain809%2FIMG_9089.JPG,https://search.pstatic.net/common/?autoRotate=true&quality=95&type=f180_180&src=http%3A%2F%2Fblogfiles.naver.net%2FMjAxODA3MTJfNzQg%2FMDAxNTMxNDA1NzI0ODA2.-0RNHkZlbkZbS7Y4Qb2wfi_95VLe1w-klvLJ6Ycpg-cg.DbYn9IMRyM_rDSDZae0jAj1L0gVyNYEe2Qp6NoezYqog.JPEG.pretty7222%2F20180708_181708_HDR.jpg,https://search.pstatic.net/common/?autoRotate=true&quality=95&type=f180_180&src=http%3A%2F%2Fblogfiles.naver.net%2FMjAxODA3MThfMTc4%2FMDAxNTMxODgwNzkwNjk2.-ooZYT-FpDZHcyeRGnmmXaQMiNtys-_fDdkMHxP343cg.pa-_2FKzW2v-RG8WlNUw06RRHSIXYgNvb2CKIcTrqxQg.JPEG.qkekgotn%2Foutput_1744105276.jpg,https://search.pstatic.net/common/?autoRotate=true&quality=95&type=f180_180&src=http%3A%2F%2Fblogfiles.naver.net%2FMjAyMDEwMDNfMTY4%2FMDAxNjAxNzI0MTMxMzIx.SlGo3JRtw3y9ftMweVDmex1y-9HmR2ycvJmyXHBR-lcg.4WAwPS-TIhxdVt6bC-uXMVjVpnNuMyNWG3c6mi0Abfgg.JPEG.dylovemo%2FKakaoTalk_20201003_200303732_19.jpg,https://search.pstatic.net/common/?autoRotate=true&quality=95&type=f180_180&src=http%3A%2F%2Fblogfiles.naver.net%2FMjAyMTEyMDdfMjM4%2FMDAxNjM4ODgyMDU0NTY4.kf5Jr-i8sDKKWsaHJTfjmN0T_xMbJIiO6owJPBQKAvAg.IO5A44ATvSkTjOC8x7sREBgZ55nSthK-Y49rztkOv1wg.JPEG.aromi830%2F20190908202033863386.jpg,https://search.pstatic.net/common/?autoRotate=true&quality=95&type=f180_180&src=http%3A%2F%2Fblogfiles.naver.net%2FMjAyMTEyMTNfMTAz%2FMDAxNjM5MzYyNDEyNDcx.TqsIrDKiCOu-CoRWJJOcH17ZvPqP2fzp2ZENHQsFGVIg.LNNG7Y_JlhMjmzud0RuOgN6CUNq6nwqfptNDBEylJU4g.JPEG.hseulgi123%2FIMG_6997.jpg,https://search.pstatic.net/common/?autoRotate=true&quality=95&type=f180_180&src=http%3A%2F%2Fblogfiles.naver.net%2F20151013_122%2Ftears1124_1444716036843lVFae_JPEG%2F%25B7%25D4%25B5%25A5%25BF%25F9%25B5%25E5%25B8%25F4%25B8%25C0%25C1%25FDPF%25C3%25A2_%25282%2529.JPG,https://search.pstatic.net/common/?autoRotate=true&quality=95&type=f180_180&src=http%3A%2F%2Fblogfiles.naver.net%2FMjAyMDA4MDdfMTAg%2FMDAxNTk2ODA2MjM5NzAx.ToRy9-Kwud-ME6gdhUFNKfAtb9CTs7Af6GiIbAnxNZYg.45BbCJv2aCjWxysfG3V6ZH8znBej19oaotHujb0Aylsg.JPEG.sea_52%2F1596806239634.jpg,https://search.pstatic.net/common/?autoRotate=true&quality=95&type=f180_180&src=http%3A%2F%2Fblogfiles.naver.net%2FMjAxNzAzMDVfMjEy%2FMDAxNDg4NjkwMTc2NDM3.ohtGl80vDBYxkTzqx_GVFWCCfrwdVrvGv_pB_3pzXtgg._DniiZaaJl8q-h2xEh9Z-w_0pTL2B9Gc49ZPLI5A_FMg.JPEG.dasolphoto%2F12.jpg,https://search.pstatic.net/common/?autoRotate=true&quality=95&type=f180_180&src=http%3A%2F%2Fblogfiles.naver.net%2FMjAxNjEyMjBfODkg%2FMDAxNDgyMjMwNzY5OTMx.SAIvFRZlEhO5JqIYncAy9at-xeTjBYNCeXO-i0bQ21wg.cvmwQfcu15i124kRIaTXNalwLe_LDvHX4IJAqocXb3Ag.JPEG.pqpqp48%2FP20161210_202024343_AE614C43-5051-4253-A6FA-2AFADC7BC76B.JPG,https://search.pstatic.net/common/?autoRotate=true&quality=95&type=f180_180&src=http%3A%2F%2Fblogfiles.naver.net%2FMjAxODAxMTZfMjYw%2FMDAxNTE2MDMxMzY1ODUx.y7t_ISwQR3QFBnPaIXzd0UoCQtIHdnThfCnTZTkzFlIg.8ldhs_6MVfchx7NhHJwUFFlKUubR3qOIFCvwMmzZnCEg.JPEG.skinpallet%2F20171224_204908.jpg,https://search.pstatic.net/common/?autoRotate=true&quality=95&type=f180_180&src=http%3A%2F%2Fblogfiles.naver.net%2FMjAxODExMTFfMjY2%2FMDAxNTQxOTM2MTQyNzk5.ERbnRgD8sSnhn8vBmpD7oedARHac42oeTl5IysJ96vgg.1kLjiisv2rXDaolQMQpqj3waZSymo5Kv55y_deuLaGgg.JPEG.ddaengule%2F%25C7%25C7%25BF%25A1%25C7%25C1%25C3%25A2_%25BB%25A1%25B0%25A3%25C5%25C1__7.JPG,https://search.pstatic.net/common/?autoRotate=true&quality=95&type=f180_180&src=http%3A%2F%2Fblogfiles.naver.net%2FMjAxNzAxMDNfMTAz%2FMDAxNDgzNDIxNzU4MDM4.27A9HPL3lNjlj174JgwgzDoPIJUbX-XtqSD2Y62PWxkg.09SOUn1V1VhYcygptiT7q3CtN98nApkJ3gNGE-1suV8g.JPEG.mia918%2FKakaoTalk_20170102_142811232.jpg,https://search.pstatic.net/common/?autoRotate=true&quality=95&type=f180_180&src=http%3A%2F%2Fblogfiles.naver.net%2FMjAxOTA3MDZfMTcx%2FMDAxNTYyNDA5MjYzODU5.tEW1K_zPqh8rryGJ7ce1_QO4o2ryYRbZiskYy5fGaCUg.wfVBOo-yCNb_QBenH1pgiiz7tnkWaJCzEfH6UpsTvyEg.JPEG.winter8100%2Foutput_1108779492.jpg,https://search.pstatic.net/common/?autoRotate=true&quality=95&type=f180_180&src=http%3A%2F%2Fblogfiles.naver.net%2FMjAxOTEwMDhfMTgx%2FMDAxNTcwNTI4NTM2ODE1.3fwOXhYvbm3ki9N_OOHUsFqRTVhb8w6gHAZmpFWAL08g.Hs78yq9KzWIMWgUpzEODBGyBLjOfjcLlE4jthrgsfrwg.JPEG.kiyultjs1106%2FKakaoTalk_20190923_183337042_28.jpg,https://search.pstatic.net/common/?autoRotate=true&quality=95&type=f180_180&src=http%3A%2F%2Fblogfiles.naver.net%2FMjAyMTA1MjJfMTcx%2FMDAxNjIxNjE4NTg1MDI5.BFDrpC_DrZj5VB55PToJ7_YaPAD_EQolZF7jfgvUUtEg.BhFVyN5lHO0Tv_8963Q4an9DPW09T6niv4CJSDL11V8g.PNG.darkyoon85%2F%25B8%25C0%25C0%25D6%25B4%25C2%25B3%25E0%25BC%25AE%25B5%25E9%25B5%25B5_%25B9%25DD%25C7%25D1_%25B9%25CC%25B1%25B9%25BD%25C4_%25C1%25DF%25B1%25B9%25BF%25E4%25B8%25AE_%25C7%25C7%25BF%25A1%25C7%25C1%25C3%25A2_%25C7%25D2%25C0%25CE_%25B9%25DE%25B1%25E229.png,https://search.pstatic.net/common/?autoRotate=true&quality=95&type=f180_180&src=http%3A%2F%2Fblogfiles.naver.net%2FMjAxOTA0MTZfMjM5%2FMDAxNTU1NDIwOTA5NDk1.ZNXk0LXDH3g9Qi7XrjR6u0KNHuYchouLDFqkT8h6LMcg.K5xO9xvdfljlFl88jyXMetaldcppzrmzDoWad28J2BEg.JPEG.iloveran81%2F%25C7%25C7%25BF%25A1%25C7%25C1%25C3%25A25.JPG,https://search.pstatic.net/common/?autoRotate=true&quality=95&type=f180_180&src=http%3A%2F%2Fblogfiles.naver.net%2FMjAxODA3MThfMTI1%2FMDAxNTMxODgwNzkyNDAz.xOhVW0PKYsE-ggPZIopdlu7xRlwEX-qKu0_vVoyjZfEg.r0RokXZ2GVESAwaS8AyB_Dw5WDlAyxEd_mfqGPIylN0g.JPEG.qkekgotn%2Foutput_642865778.jpg,https://search.pstatic.net/common/?autoRotate=true&quality=95&type=f180_180&src=http%3A%2F%2Fblogfiles.naver.net%2FMjAyMTA4MTVfMTUy%2FMDAxNjI5MDEzMzcwOTk4.060EfS7NKHXjtBd6pysNSRtPE9kQfxl72dFEz7ylgnMg.OkbAB9QsFoiIRlMkiLT6tGmBX9DytRx__4luSr1zPvkg.JPEG.elie0929%2FIMG_1805.jpg,https://search.pstatic.net/common/?autoRotate=true&quality=95&type=f180_180&src=http%3A%2F%2Fblogfiles.naver.net%2FMjAxOTAzMjVfMTE2%2FMDAxNTUzNDkzMDcwMDM1.GUdNU9VD8lUxmBc89dfEkr7HnrAkJZyJTd5XM7e4PTog.ehphOv9qdqPdfIFLQ9mkiTaU8bebCw_OYNjVrtpqUMgg.JPEG.1seungtae%2FKakaoTalk_20190325_143546453_14.jpg,https://search.pstatic.net/common/?autoRotate=true&quality=95&type=f180_180&src=http%3A%2F%2Fblogfiles.naver.net%2FMjAyMTA1MDZfMjYg%2FMDAxNjIwMjc4NDAzMDQ5.59OlN594r11bRJBU-_eUMnOSuqYhdpp17JBVo5EnyKUg.Mr3mBW8X0MBUxkk6Gf1Lmr7esg-5WVVIrRs1R5ESmCcg.JPEG.mong517%2FIMG_5767.JPG,https://search.pstatic.net/common/?autoRotate=true&quality=95&type=f180_180&src=http%3A%2F%2Fblogfiles.naver.net%2FMjAxNzEwMTVfNTgg%2FMDAxNTA4MDYyMDc5NjE4.rW9BZbogF5Q6RWey8xbJ3NC2Xy772U5iDHCfg-GNo50g.qaqP43QXbptcuR1tdWWGipyw_75MPq54QPeHXnZotHog.JPEG.gkwjdals92%2F20171015_114312.jpg,https://search.pstatic.net/common/?autoRotate=true&quality=95&type=f180_180&src=http%3A%2F%2Fblogfiles.naver.net%2FMjAxOTEyMTJfOCAg%2FMDAxNTc2MTA1MjI0NDE2.TswUTO-K24CVGMHoRgHQknjOelkWVCt4NgumuAqT7gIg.1LejQCFnHi2iFK8UQd_sEShVFtATunahbId0DC621i0g.JPEG.chaelin_mm%2FIMG_8693.jpg"
7,1954무한등심 잠실점,,소고기구이,"무한등심스페셜_평일점심,무한등심스페셜_평일저녁,무한등심스페셜_주말,평일 런치스페셜,후식 냉면(물냉면,비빔냉면),후식 차돌꽃 된장전골(2인)",14916,4.4,412,920,예전에 맛상무님이 리뷰하신것 보고 정말 가고싶었는데 1년만에 오게 되었네요일단 고기는 무한리필치고 퀄리티가 상당히 좋습니다. 부위가 등심하나밖에 없긴하다만 소금구이랑 양념구이 번갈아가며 먹으니깐 질리지 않고 먹을수 있었습니다. 샐러드바에는 제육 떡볶이 밥 각종채소들 등 종류가 다양하게 있어서 좋았네요제한시간은 1시간40분이라 넉넉한데 저한테는 조금 부족하더라고요ㅋㅋㅋㅋ 남김없이 먹으면 불고기400g서비스로 주니깐 기분도 좋았습니다재방문의사 가득합니다/뷔페식으로 한접시에 여러가지반찬들을 담을 수 있어서 좋아요~맛있어요♡ 사진처럼 음식들을 남기지않고 다 먹으면 계산할때 돼지고기 400g을 1인당 한팩씩 공짜로 받아갈 수 있어요. 단점은 접시에 고기 한점이 남아있으면 옆에서 일행들이 계속 음식 남기지말라고 잔소리해요./무한리필인데도 등심이 육질이 괜찮구 사이드랑 채소가 다양하고 신선해서 넘 좋았어요 매장도 깨끗하고 동선도 깔끔해서 재방문 의사 100퍼센트 입니다♡/재방문의사 완전 있어요!! 강추합니다~/등심 하나밖에 없지만 맛있어요! 양념도 맛있음반찬도 여러가지 갖다먹을 거 많지만 따뜻하지 않아서 아쉽..안 남기고 먹으면 불고기도 하나씩 들고 나올 수 있어서 좋아요. 다만 너무 단 게 흠평일 점심이 가성비 짱!/퀄리티 낮은 고기가 아니라등심 하나로 자부심 있으실만 합니다!개인적으로 소고기 먹는데 부가적인게 크게 필요하진 않지만 쌈채소류가 매우 신선하고! 기타 요리류(?)가 생각보다 퀄리티 있어요 모임하기도 좋겠어요!다만 환기가 잘 안되는것 같은.. 뿌연 느낌..?화장실이 외부 아파트 상가로 가야한다는 점?/고기가 신선하고 정말 맛있습니다 사장님도 너무 친절하세요/가족과 함께 방문했는데 고기가 너무 부드럽고 육향이 진해서 너무 좋았어용^^사이드 메뉴또한 너무 맛있었네용^^ 재방문 꼭 해야겠어요 이가격에 이정도 퀄리티 너무 좋네요^^/친절하시고 가성비도 좋고 반찬들도 맛나요~~^^/고기질이 너무좋고 야채들도 너무 신선해서 몇번째 방문인지 모르겠네요 냉면 맛집입니다!,"https://search.pstatic.net/common/?autoRotate=true&quality=95&type=f180_180&src=http%3A%2F%2Fblogfiles.naver.net%2FMjAyMTA3MjBfMjEg%2FMDAxNjI2NzQ2NjQ0NDQz.eOQiVfWgAQz38opIPQj_4xgf3Swtrj-3g9WFvfVvcY4g.eXJvsjYSbdZxuHYQWQRAhED8IdsB2DE5YGy7MFNVa54g.JPEG.subinlee96%2FDSC06779.JPG,https://search.pstatic.net/common/?autoRotate=true&quality=95&type=f180_180&src=http%3A%2F%2Fblogfiles.naver.net%2FMjAyMDEyMjlfMTAy%2FMDAxNjA5MjIxMjg2ODg4.yhBx7Fl6mxrgeYU_s5BF0WMEXeNgoWuUQJLnzVvwyvog.5lWI5hQE-8l0prIU_SvnEpWJpzK4Mbfk4ZCVHY03wycg.JPEG.happyhaeyoon%2FPicsArt%25A3%25DF12%25A3%25AD29%25A3%25AD01.29.54.jpg,https://search.pstatic.net/common/?autoRotate=true&quality=95&type=f180_180&src=http%3A%2F%2Fblogfiles.naver.net%2FMjAyMjA0MTFfNDAg%2FMDAxNjQ5Njg4OTAxOTI4.xD-FCPCGvpwLOlgXouYyrFer3pCBZH84Al1WKlT0MBQg.5pLYG_2Cwc9e77eA0Z3rQ_Z5LmFyRcxcr43ZpBukLQ8g.JPEG.mememe13%2FIMG_9598.jpg,https://search.pstatic.net/common/?autoRotate=true&quality=95&type=f180_180&src=http%3A%2F%2Fblogfiles.naver.net%2FMjAyMDExMTlfMjg1%2FMDAxNjA1NzUwODcwMTkz.wuI2uv8VrcHXeGvFLzKrq8dzUxIqKO4YJrziFWkmRXcg.9ZtuWdJACHZI6UBdq8-yXJO_NQuLf8cpiy9ur0-sflIg.JPEG.curugi1004%2F1605750869310.jpg,https://search.pstatic.net/common/?autoRotate=true&quality=95&type=f180_180&src=http%3A%2F%2Fblogfiles.naver.net%2FMjAyMDEyMTFfMjg3%2FMDAxNjA3NjQyNzIyODk0.z3Ilh7QEKs3Xwyw_5LtNQUHuaYIX_Pt-PsGFbcKi_Agg.CN4-LwyRrefPj5ecjZH_mhNbtslLcSY4WVPbE1CixgEg.JPEG.ngs422%2FKakaoTalk_20201211_081840646.jpg,https://search.pstatic.net/common/?autoRotate=true&quality=95&type=f180_180&src=http%3A%2F%2Fblogfiles.naver.net%2FMjAyMDEwMDdfNzYg%2FMDAxNjAyMDc1NzM5OTY3.l_6rkhw1FNFEnnJUGRTiRIfwBZH1_iwOtlCawYuERrkg.6V1V7-TdbD4jT5Qc9ObG6gmCTeDv3ZMKrRhuOLYoLaIg.JPEG.56123a%2FIMG_9498.JPG,https://search.pstatic.net/common/?autoRotate=true&quality=95&type=f180_180&src=http%3A%2F%2Fblogfiles.naver.net%2FMjAyMTAzMjFfODYg%2FMDAxNjE2MjU3MjcxODQ3.HBNU5l2tisdm25WyGQxe8A7aBWi08F4Di7RbwqyJIl0g.dsjbiVgzAD5lMkKQr1jWXVJQhPtNtyRpUj4fIV14i04g.JPEG.6sm_mun8%2FKakaoTalk_20210320_010907960_03.jpg,https://search.pstatic.net/common/?autoRotate=true&quality=95&type=f180_180&src=http%3A%2F%2Fblogfiles.naver.net%2FMjAyMTA0MDhfMjIg%2FMDAxNjE3ODU1ODU2NjM2.0J3DOsh4OM59J5G0kRko74RLUqMDZfdE4E2BF2gzF1sg.9gUjGhEVF-NlL1yh04tyNRQvHK4YqO2cwFNx6pKU_dIg.JPEG.ktfohsssung%2FIMG_1506.jpg,https://search.pstatic.net/common/?autoRotate=true&quality=95&type=f180_180&src=http%3A%2F%2Fblogfiles.naver.net%2FMjAyMDA3MjhfMjY4%2FMDAxNTk1OTQzNTM3NDk2.4kRYq71-yWo9kvxs5ZOBrEX1U5EVlk9KsUhtnU-ejXgg.aoN6OdUY_shxy4NdRdjtU2DQ8TgAHVZUCIAfwHynXQwg.JPEG.yu201309%2F5_%25283%2529.jpg,https://search.pstatic.net/common/?autoRotate=true&quality=95&type=f180_180&src=http%3A%2F%2Fblogfiles.naver.net%2FMjAyMTAxMTJfMTc3%2FMDAxNjEwNDE3MTY0MjU0.UD-ABy35ZjU69I1eXOr-eKKchMPJgngQ2uap_pnVQIAg.v6qQ4W4DXFG2UxqScXT5P5U5Z5TRXwSZ4l4S9K00lAAg.JPEG.meideys%2FIMG_2866.JPG,https://search.pstatic.net/common/?autoRotate=true&quality=95&type=f180_180&src=http%3A%2F%2Fblogfiles.naver.net%2FMjAyMTA4MTdfMTMy%2FMDAxNjI5MTY5NjYzNDM4.dN_wSvDE5xbR3n7X1BOPBAwXg_Uj9jAwIH1BfoO0rbwg.2tXpmIogL8tnujp7qiZUfesXHWMprVmaqpCweBqQxv0g.JPEG.candycoco%2F20210816%25A3%25DF191352.jpg,https://search.pstatic.net/common/?autoRotate=true&quality=95&type=f180_180&src=http%3A%2F%2Fblogfiles.naver.net%2FMjAyMTA4MTBfMTcz%2FMDAxNjI4NTYzNTE1NjYx.t-EArmSB4ONvUu5zryyLQ4QRZ_-7L84xfDWoLLDVuzQg.PNuf8uOW4LJ8_ZS27RmFnXyaUngvDM-uNR07F4r3cagg.JPEG.wan22%2F20210809_115344.jpg,https://search.pstatic.net/common/?autoRotate=true&quality=95&type=f180_180&src=http%3A%2F%2Fblogfiles.naver.net%2FMjAyMTExMDVfMTI4%2FMDAxNjM2MTA3Mjc0MTQ3.q4I0FdlHrROCNp6-ng6GDLGuKkX7GzIKr-kXsnLXz_og.Gyt90LCre6sLQt4u1SNLCLe-88BN5tyBjESUgsnXewcg.JPEG.su92592000%2F20210514_193940.jpg,https://search.pstatic.net/common/?autoRotate=true&quality=95&type=f180_180&src=http%3A%2F%2Fblogfiles.naver.net%2FMjAyMDA3MjlfMjE3%2FMDAxNTk1OTkzMjEyMDg2.rexwg7MRvoO-0b8VXwIKYCBsjUypUK8Yw1UvQxL6YcIg.tQc1fl3nV0feWvMkBIYdMKSYMPJV_cSkrTjk3vuxuKEg.JPEG.kobal100%2F10.JPG,https://search.pstatic.net/common/?autoRotate=true&quality=95&type=f180_180&src=https%3A%2F%2Fldb-phinf.pstatic.net%2F20210810_169%2F16285699937723lMy2_JPEG%2FS3lXYnPjFZiEbyzPuj4QV5Q2.JPG.jpg,https://search.pstatic.net/common/?autoRotate=true&quality=95&type=f180_180&src=http%3A%2F%2Fblogfiles.naver.net%2FMjAyMTEwMDVfMTg2%2FMDAxNjMzNDE5MjcwMDgw.5xegKstemyi_tuCC8j0OuPWT3L0HlaVEfBKzqNsglmkg.Hb98eFVM3Uas765_hITrNVuvAmoLTLeY1h-yeX8DV2Ig.JPEG.whdbfla3%2Foutput_3095047575.jpg,https://search.pstatic.net/common/?autoRotate=true&quality=95&type=f180_180&src=http%3A%2F%2Fblogfiles.naver.net%2FMjAyMTA1MDRfMTY5%2FMDAxNjIwMTE2MzYxMjcy.SkScmtENjrT2I9PMqj6352J-UI0jeDVDB7trnrHT9Y8g.899VWPI-wWagSvY4AGnwBzLQkWimln8Zq7FE9zdlLtMg.JPEG.11ansgallry%2F6.JPG,https://search.pstatic.net/common/?autoRotate=true&quality=95&type=f180_180&src=http%3A%2F%2Fblogfiles.naver.net%2FMjAyMDEwMDFfNTQg%2FMDAxNjAxNTU4MDc2MTQ1.C9iDVCyJ5L4M4KW4W1NAvZ7mFlDxU-J-biciIOJqKU4g.wEp5SosxUMJoQAObn1IM_0rCRU53glHEXUp_yIOdrqkg.JPEG.nawlgp89%2FIMG_9085.jpg,https://search.pstatic.net/common/?autoRotate=true&quality=95&type=f180_180&src=http%3A%2F%2Fblogfiles.naver.net%2FMjAyMDA4MDhfMjI2%2FMDAxNTk2ODc5NDMzNDIx.6AvKJvG3Je02yQJ-ZqJmvFkg-WSQLWTQb43cxhAUV10g.ctYUIclAxJWIuLoR8ZAAl8_WkMSdYk6apVxA7owDhSEg.JPEG.wan22%2FDSC04603.JPG,https://search.pstatic.net/common/?autoRotate=true&quality=95&type=f180_180&src=http%3A%2F%2Fblogfiles.naver.net%2FMjAyMTA1MjlfNjIg%2FMDAxNjIyMjk0OTY2MjYw.SUdwJUCpbM2MvjCmqzmeEL3TsC2TwAi0WBn7e1k2Ru4g.5oe4YYOgm774thkTzROdjvjFs2HSS-XPtijzG76OcUEg.JPEG.ummasonpie%2FKakaoTalk_20210529_215659363_02.jpg,https://search.pstatic.net/common/?autoRotate=true&quality=95&type=f180_180&src=http%3A%2F%2Fblogfiles.naver.net%2FMjAyMDA3MDhfMTkg%2FMDAxNTk0MjE1MjYxMDI1.g6VoWK3KlkwSdqD86ZoFJ9BKjk5Xc49OE19WSDj70Gkg.SiR6oyxG_LqhKPMkX7wSXcEs7MEV7PRZ9vOst6-L4GQg.JPEG.super_hj%2FIMG_0305.jpg,https://search.pstatic.net/common/?autoRotate=true&quality=95&type=f180_180&src=http%3A%2F%2Fblogfiles.naver.net%2FMjAyMTEwMjhfMTg0%2FMDAxNjM1MzgyMTk3MjIy.syuFa4melfDaq88Fa0JRP5qSanTHYDn9p6UmBUkx2jgg.sWZ-34uKsWjvomEYa_7sOLBEUVYKKS9eRUTZ9VtvtEog.JPEG.greenf5_kr%2F%25C0%25E1%25BD%25C7_%25BC%25D2%25B0%25ED%25B1%25E2%25B9%25AB%25C7%25D1_1954%25B9%25AB%25C7%25D1%25B5%25EE%25BD%25C9_%25C0%25E1%25BD%25C7%25C1%25A1%25286%2529.jpg,https://search.pstatic.net/common/?autoRotate=true&quality=95&type=f180_180&src=http%3A%2F%2Fblogfiles.naver.net%2FMjAyMDExMTlfMTY4%2FMDAxNjA1NzE4NTg4Mjg0.-v8fwHWPjcsXQQSonDZugTT3mtvyj3L_oH_M3rvySJ4g.0KxNZ6S5ySZeAeaRxs6UmifCgWH0kqauC7gLhtX9Vv0g.JPEG.2366dsa%2FDSC01519.JPG,https://search.pstatic.net/common/?autoRotate=true&quality=95&type=f180_180&src=http%3A%2F%2Fblogfiles.naver.net%2FMjAyMTEwMTFfNTUg%2FMDAxNjMzOTYxNjc4ODA4.yNA6L137URoMh5ETFv5OBIDBx2SU2_vq-9nbBx9vWCUg.a7lGuMBs7n2HwN_o7-fayI5wkcwkrh4qqmvfapxkauwg.JPEG.kq3012%2F33.jpg,https://search.pstatic.net/common/?autoRotate=true&quality=95&type=f180_180&src=http%3A%2F%2Fblogfiles.naver.net%2FMjAyMjAyMTRfMjg4%2FMDAxNjQ0ODE0OTMxMDQ5.ta6TrEmHcAk2ba7IjzjoeO5fMW8J5-oydT5EBnqguk4g.URc65oUuke29deHbmCFBry6CLbZuYjyuCksjZr9wKbkg.JPEG.tifhs111%2FKakaoTalk_20220119_091608901_03.jpg,https://search.pstatic.net/common/?autoRotate=true&quality=95&type=f180_180&src=http%3A%2F%2Fblogfiles.naver.net%2FMjAyMDA4MTNfNzUg%2FMDAxNTk3MzI0NTQ4MTEw.AlscmiT0lFErudJLhoqMLWxnb5nrtB5Rla0xdVDlV8Ag.x_7InAYO6gd1fM3Xr5rr904QYnwQJYwEFwggGkOyH6og.JPEG.rhdnsnl88%2FIMG_2225.JPG,https://search.pstatic.net/common/?autoRotate=true&quality=95&type=f180_180&src=http%3A%2F%2Fblogfiles.naver.net%2FMjAyMDExMTFfMjE3%2FMDAxNjA1MDg5MTg1NzIz.cJEFBQ3YeaIApENbF5rQEcaikKGSf6A4twFn26x0Dcgg.Egr9o0-45DqLrCndBj7a9ZrBQd-WvYOvsnrJZJgvhpkg.JPEG.cruiserlaw%2FL2260715.jpg,https://search.pstatic.net/common/?autoRotate=true&quality=95&type=f180_180&src=http%3A%2F%2Fblogfiles.naver.net%2FMjAyMDExMTlfMTk0%2FMDAxNjA1NzE4NjM2OTYw.aJNWS8hhCMiizsaOgtUNu3HHS2M6X7FmuC55dEWOUO0g.hzgl32rdEvj6pj74y2ZQIAzJv6OdhtI51L-5FdUACUsg.JPEG.2366dsa%2FDSC01525.JPG,https://search.pstatic.net/common/?autoRotate=true&quality=95&type=f180_180&src=http%3A%2F%2Fblogfiles.naver.net%2FMjAyMDA3MDRfMjU1%2FMDAxNTkzODQ3NjE2MzM2.1A3Oha4qUEWCfmZIU0gboIuniKOygz8pZReFe_Ng8Hwg.wNw4nn097UqL10mEOm3JCeD58koScYKgYl4nVsl--58g.JPEG.jungsun0306%2F20200704_133538.jpg,https://search.pstatic.net/common/?autoRotate=true&quality=95&type=f180_180&src=http%3A%2F%2Fblogfiles.naver.net%2FMjAyMDA2MjVfMTIw%2FMDAxNTkzMDEzNTkxNTg3.vwY_R7gzazcSJcZ06P7rSjiZ-BUkAooa9PoA-KRUCjYg.6IhXxu522DPB1pSc7kE9g4RiidCxhmOEV_I_dNlTmYEg.JPEG.kny8358746%2FIMG_3578.JPG","https://search.pstatic.net/common/?autoRotate=true&quality=95&type=f180_180&src=http%3A%2F%2Fblogfiles.naver.net%2FMjAyMDA3MDRfNDkg%2FMDAxNTkzODQ3NTUzODI1.kEmCEmM5hVyiukUYqrqHlH53n4M4zSZ2kxHI1DZlhKsg.1NtgjLsA4qTtJ7rzVK5qKmNps2Iv2gJWodfSJ40xLf8g.JPEG.jungsun0306%2F20200704_141229.jpg,https://search.pstatic.net/common/?autoRotate=true&quality=95&type=f180_180&src=http%3A%2F%2Fblogfiles.naver.net%2FMjAyMTEwMDVfMTIx%2FMDAxNjMzNDE4Nzg5Njky.tqeAeNtgxZ39NHfYFKeN9ax3DAEobBGnsm9ok_2k_sYg.7ddturKArwuioW2FtWuBmZphCd99gWisU5NNU35_tAsg.JPEG.whdbfla3%2Foutput_3330417231.jpg,https://search.pstatic.net/common/?autoRotate=true&quality=95&type=f180_180&src=http%3A%2F%2Fblogfiles.naver.net%2FMjAyMDExMTdfODIg%2FMDAxNjA1NTQ2MTQ2ODUy.t--HD_nvYd7CQytdT-CfPClN6QkrAuXjaRoEFC3WWukg.Bd3YlxqsKY-jt6Kz0-qtYRxGxilSnI9TJ-p4bcALZP4g.JPEG.jjh4227%2F20201114%25A3%25DF195701.jpg,https://search.pstatic.net/common/?autoRotate=true&quality=95&type=f180_180&src=http%3A%2F%2Fblogfiles.naver.net%2FMjAyMDA5MTdfMzQg%2FMDAxNjAwMjc0MDM0ODIx.eg_4hrhZs2PHnei-BBbXQHZjALHtjeBb3G5Y77Rauu8g.49u34IthlilYLD7khjCJ_bQGpMMCr7-lpgu1kM02cxsg.JPEG.claire_llog%2FIMG_4616.JPG,https://search.pstatic.net/common/?autoRotate=true&quality=95&type=f180_180&src=http%3A%2F%2Fblogfiles.naver.net%2FMjAyMDExMDdfMTcz%2FMDAxNjA0NzU3OTYzOTQ3.1H7W6svSlnEMRauvWKTuDuhrp98h5txsWHiNh244S94g.1ftVcoA479NTbMDwUR6P41C0wPn049rGpdVBbWkwx0sg.JPEG.ddongddong118%2FKakaoTalk_20201107_225227939_18.jpg,https://search.pstatic.net/common/?autoRotate=true&quality=95&type=f180_180&src=http%3A%2F%2Fblogfiles.naver.net%2FMjAyMDEwMTBfMTcy%2FMDAxNjAyMzMwMDE2MTA1.nXRJSnPJF69TZbyJHKTcK6yiTA-JlLfxEHSqsOzd8Lsg.VlLEmB0vivvHmyjNwLhYsLJ71gfE3ogTuE_F7NwyIb0g.JPEG.rlatpdml%2FIMG_2267.jpg,https://search.pstatic.net/common/?autoRotate=true&quality=95&type=f180_180&src=http%3A%2F%2Fblogfiles.naver.net%2FMjAyMDA0MjdfNzYg%2FMDAxNTg3OTY1NTcxNjY3.ce04AAPVnAuixS2P_MBw82Z063KAQlnfH_Z-lGSBMZYg.xvApAywgo_MH4yUdwkQ2OC9zXvj3TUT-JK237930Sbcg.JPEG.ummabird%2F2020-04-27_13.09.00.jpg,https://search.pstatic.net/common/?autoRotate=true&quality=95&type=f180_180&src=http%3A%2F%2Fblogfiles.naver.net%2FMjAyMDExMTdfMTI4%2FMDAxNjA1NjE3ODc2MDE1.jNz-AeUSlX3ICDtdLf9CeHZQEPqBrCS-RzoF4wk-AB8g.C4dPWR3RxnHBg9luBn7MZrq5VsRd2_isdZV2DzE2v7Eg.JPEG.ssunie%2FIMG_4690.jpg,https://search.pstatic.net/common/?autoRotate=true&quality=95&type=f180_180&src=http%3A%2F%2Fblogfiles.naver.net%2FMjAyMDEwMDFfMTY2%2FMDAxNjAxNTE3OTI4MDM1.NbeOSr34w_H6ChOzVXA0Doc_nyCNhlfiwWI0ba_vu4gg.BJ2MsH1iFs2-T6AQr3x0wgLdSojASM7KIh3imlcKDZEg.JPEG.nawlgp89%2FIMG_9069.jpg,https://search.pstatic.net/common/?autoRotate=true&quality=95&type=f180_180&src=http%3A%2F%2Fblogfiles.naver.net%2FMjAyMDA3MTlfMjUg%2FMDAxNTk1MTQ1ODIzOTY2.psfc-Dt1YvMmQ244aHnKHzzNf5389fuBhbNUswvxr7kg.m3XqVvGaF6I529YZ2WkxBQM6G_x47qzyZNqMJo6qT5Ag.JPEG.kimbh513%2F1595145822987.jpg,https://search.pstatic.net/common/?autoRotate=true&quality=95&type=f180_180&src=http%3A%2F%2Fblogfiles.naver.net%2FMjAyMDExMTFfMjQy%2FMDAxNjA1MDg5MTc4NDg0.IWppk7wYueuCgH7KfyaVO1u-9yeE8Lqz0s0qVKR0U70g.PE4gZm3ZiXGsFvu_PGIk0Z1sgEk6TBTbPvOXf9Wfjdsg.JPEG.cruiserlaw%2FL2260696.jpg,https://search.pstatic.net/common/?autoRotate=true&quality=95&type=f180_180&src=http%3A%2F%2Fblogfiles.naver.net%2FMjAyMTAzMjFfMjU4%2FMDAxNjE2MjU2Nzg5NTM1.p-ABw25nB-MaoNdNYSz0YQ0xivw-Alw7VjX8-_oZ1wEg.elI8PUiosP7yV66JfzIZ0CiKxbwzwoT-00H8T3sUbPcg.JPEG.6sm_mun8%2FKakaoTalk_20210320_010833528_04.jpg,https://search.pstatic.net/common/?autoRotate=true&quality=95&type=f180_180&src=http%3A%2F%2Fblogfiles.naver.net%2FMjAyMDA5MDJfMTY2%2FMDAxNTk5MDU0Mjc5ODAx.Z29aLD7WQ4U9LsZciUaF8ViKeHyltIzZtoDDc7BAcGMg.8Nhuo6qVwAynvWZ-kppXAo7vDNik_wxIYmYvkbTgcMgg.JPEG.1227jeg%2Foutput_142896630.jpg,https://search.pstatic.net/common/?autoRotate=true&quality=95&type=f180_180&src=http%3A%2F%2Fblogfiles.naver.net%2FMjAyMDExMDhfOTgg%2FMDAxNjA0Nzk2MzY0NDU5.6Tt6jz2fWm5cDqqwiaQvMeB-X7eJYJH94ya1RQfeaUkg.zP5mdvgnKFKz-vhT411Q0wf732ue8gdoOdyEqwI25kkg.JPEG.theresa14%2FIMG_8163.jpg,https://search.pstatic.net/common/?autoRotate=true&quality=95&type=f180_180&src=http%3A%2F%2Fblogfiles.naver.net%2FMjAyMDExMTlfMjYw%2FMDAxNjA1NzUwODQ2OTUz.1m9D7scJSxtceKOsbQD-1o6jR3n6IFaMPmm6w-hpEd0g._dEvfB_hnDd9M9TmXGQJmenjjMophRxHp2oavqsc5Fsg.JPEG.curugi1004%2F1605750846052.jpg,https://search.pstatic.net/common/?autoRotate=true&quality=95&type=f180_180&src=http%3A%2F%2Fblogfiles.naver.net%2FMjAyMTEyMDlfMjgw%2FMDAxNjM5MDUxNTMzMzEz.GINs5H6_ZobHOC6UIV5WF5Ds0JE0ECrfnGSGXqv6bxog.fJEoflpaa5tFYqXZ8d8WiGTb7-tNSqGCQAVB1hgcN8kg.JPEG.usoin%2FDSC01331.JPG,https://search.pstatic.net/common/?autoRotate=true&quality=95&type=f180_180&src=http%3A%2F%2Fblogfiles.naver.net%2FMjAyMDA4MjRfOTAg%2FMDAxNTk4MjAyNDgzNjU3.eFNSpAuvY8kQ_0rbQYzBrQcbyMq7ZzMqP0wWYIxX1Akg._Z0x_RdFVqodYJxV_xKQlNafUUfkGInN49UnDEPocFAg.JPEG.heaven831%2FKakaoTalk_20200824_015926328_02.jpg,https://search.pstatic.net/common/?autoRotate=true&quality=95&type=f180_180&src=http%3A%2F%2Fblogfiles.naver.net%2FMjAyMTA4MjBfMTcg%2FMDAxNjI5NDEwOTg4MTI4.JCGe3Y8qKqJC7mJjCUDz03QyPBKCbRt1-IPOQb8Bskkg.GtDULIkmkIRVlaCMt8NpnKuZHYAjbRRfSu7-PA_2RnUg.JPEG.syenk%2F20210816_181750.jpg,https://search.pstatic.net/common/?autoRotate=true&quality=95&type=f180_180&src=http%3A%2F%2Fblogfiles.naver.net%2FMjAyMTEyMDVfMTIz%2FMDAxNjM4NzEzNjQzMzI2.uWMWnqsZAtaM3Lz48dq1S2ZEbN7IZ4rD3uJRnLuy9AQg.L_ode76qJ9qfaV7C173lbco7DGd93h5osUucbeC5Qx0g.JPEG.gemstone4589%2FDSC02559.JPG,https://search.pstatic.net/common/?autoRotate=true&quality=95&type=f180_180&src=http%3A%2F%2Fblogfiles.naver.net%2FMjAyMTAzMjFfMjI0%2FMDAxNjE2MjU3NDUzMzc5.k4aJzusvQfKW20wk0pSkpR9873Q_2wyOEEQ5sNL9BJsg.38EZWn8xL5Tw6NVVqcdWw65k2E6TAbY5z4KsQ3euKecg.JPEG.6sm_mun8%2FKakaoTalk_20210320_010907960_14.jpg,https://search.pstatic.net/common/?autoRotate=true&quality=95&type=f180_180&src=http%3A%2F%2Fblogfiles.naver.net%2FMjAyMTEyMDVfNCAg%2FMDAxNjM4NzEzNjQ1NTA1.1-tMxYM1VWuF90PVGZD_w53c4G1w_b2PDig-E7C-LyEg.aqPdqBzfG6EFk6NGJ-cwK6Xfu44dKEh2gJR7yCr-Slwg.JPEG.gemstone4589%2FDSC02568.JPG,https://search.pstatic.net/common/?autoRotate=true&quality=95&type=f180_180&src=http%3A%2F%2Fblogfiles.naver.net%2FMjAyMDA2MjFfMTQ5%2FMDAxNTkyNzI4MDAyNDMx.UWiG_jlguQufUFXpLWLE-z8zf-SwUZupgxZnbrmwEsAg.dOd9EN7f37saZoV9QWxVS8x8oUDa-THC7ilzlph0j3Ag.JPEG.jojh1023%2F1592728001205.jpg,https://search.pstatic.net/common/?autoRotate=true&quality=95&type=f180_180&src=http%3A%2F%2Fblogfiles.naver.net%2FMjAyMDA4MDhfNSAg%2FMDAxNTk2ODg3MTUwNzg4.i2w2CoAZl9DCbSXmDqRjEBQDB6r5ZDahvsgmghvH0bkg.85YfAGR8PJ5yrRpq90nBVMAYbDuEbEhf3NSbWsjNjOMg.JPEG.wan22%2FDSC04568.JPG,https://search.pstatic.net/common/?autoRotate=true&quality=95&type=f180_180&src=http%3A%2F%2Fblogfiles.naver.net%2FMjAyMDExMjFfNDcg%2FMDAxNjA1OTI1ODU0MTQy.zOQqcL4frf-7v3hwfWFwiYiBClSeX77Z1S_4HLHByxgg.S3BoZ2ABHzx5x8L-kp4CVuE2bQAYP-xJCS-ToTevDJUg.JPEG.hytonia%2F20201120_113354.jpg,https://search.pstatic.net/common/?autoRotate=true&quality=95&type=f180_180&src=http%3A%2F%2Fblogfiles.naver.net%2FMjAyMDEwMTBfMjY2%2FMDAxNjAyMzMwMDE3MjA4.esIMRmn3v54GdQxODUexLTk1e0Jg7PVednx7Y-0CRxMg.ZKUbnGgcmnmU60zYeJHwYEme5UVmmLwsQkGlKLDhSJEg.JPEG.rlatpdml%2FIMG_2264.jpg,https://search.pstatic.net/common/?autoRotate=true&quality=95&type=f180_180&src=http%3A%2F%2Fblogfiles.naver.net%2FMjAyMTA4MDRfNDcg%2FMDAxNjI4MDY2MDY3NTEw.PxDX0ce33BiuriGCmXVUnn0ZwhO0MpVT1bJggA2uYBkg.8BapCIbCQFYuETI9X0gL_y-PvYJUkRa834m3dAUv45Ig.JPEG.dltgld03%2FIMG_6889.jpg,https://search.pstatic.net/common/?autoRotate=true&quality=95&type=f180_180&src=http%3A%2F%2Fblogfiles.naver.net%2FMjAyMDA3MTNfODYg%2FMDAxNTk0NjQ1NzE5MjUw.KTCCKjC4PnO4nGESKXQ_OTjLbhf0LE4-aYc692j_Puog.1Pydpn8pJYy0fCsaK56zimPrQQp0eFugl1-H3HO6Nkgg.JPEG.pur_ple_mang_o%2FKakaoTalk_20200713_211517652.jpg,https://search.pstatic.net/common/?autoRotate=true&quality=95&type=f180_180&src=http%3A%2F%2Fblogfiles.naver.net%2FMjAyMDExMTdfNzAg%2FMDAxNjA1NjE3ODc2MDcx.Dv-3Ugie94Igkkud_Zx36AVuZ_PxzuVKrtjYRriw6Tgg.mycdKyflgydqgFXY-YlZomUb3B73gq9g8HLDnEMY6Jsg.JPEG.ssunie%2FIMG_4691.jpg,https://search.pstatic.net/common/?autoRotate=true&quality=95&type=f180_180&src=http%3A%2F%2Fblogfiles.naver.net%2FMjAyMTEwMjdfMjQ2%2FMDAxNjM1MzAwNTU1Njk5.3moIzJOPxmcatl1ur3B8B8bXGEOXagi2vYFpDEHkLWMg.Kdb930rmQ8OL7VaH70ebFvb4LxfbZdxBTnXQvAjzAJ0g.JPEG.kkmy513%2FIMG_4004.jpg,https://search.pstatic.net/common/?autoRotate=true&quality=95&type=f180_180&src=http%3A%2F%2Fblogfiles.naver.net%2FMjAyMDExMjRfMjgw%2FMDAxNjA2MjIxNTg4NTA3.4QOhdO_1rrmSEKSKliWkDr9Wn1mgLGgXMABmkgOEaRMg.dqPGPqzqK_3Gbgk6-1anHWJTMiyNUmeQMM_rASKP5lsg.JPEG.ywldbsy%2F1606220138060.jpg"
8,123 라운지,,바(BAR),"햄버거 스테이크,123 WINE SET(2인),123 TEA SET(1인,2인),123선셋,오션스카이,청포도샹그리아,메론빙수,프리미엄2인패키지(서울스카이홈페이지 결제 후예약가능메뉴),프리미엄4인패키지(서울스카이홈페이지 결제 후예약가능메뉴),해산물 로제 스파게티,랍스터 가리비 샐러드",157600,4.18,207,320,"일단 차별화된 곳이라고 기대반하고 왔는데 직원분 엄청 불친절하시네요 자리이동하고 싶다고 했더니 쌀쌀맞게 자리이동안되세요하고 ...,,음식 다 먹고 정리해달라고 했더니 그릇을 부서져라 정리하고 가네요...기분좋게 왔다가 맘상하고 가네요 한마디하고 싶지만 참고 가네요.../직원분께 창가 자리 문의했는데 부모님 계신데 표정도 그렇고 말도 그렇게 무안하게 거절 해야했나요. 저렇게 자리가 비면 위에 물어보는척이라도 하고 대답해 줄 수 있지 않았나요/일단 분위기 너~무 좋았고 음식도 오리훈제가 약간 비렸던거 말고는 맛있게먹었습니다..다만.. 처음 입장했을때 네이버예약은 창가 일렬자리라하시더라구요 ..5명인데..오랫만에 친구들과 연말모임을 칸막이두고 밖을내다보며 할 뻔한 당황스런응대말고는 직원분들 대부분이 친절하셨어요...미리예약이라하면 좋은자리로 하고싶어서 하는건데 그부분은 조금 아쉽더라구요..그런 내부상황설명은 예약받으셨을때 바로 연락주셨다면 좋았을것같다고 생각했습니다..(당일은 타워입구에서 코로나접종확인 메뉴확인등으로 전화못받는상황이었슴다)다행히 다른분들이 사용끝낸 테이블자리가 나와서 요청끝에 사용할수있었습니다..휴..그래도 좋아하는사람들과 함께라 좋은곳에서 행복했네요.../음식이 별루입니다 메뉴도 한정적이구요 ㅡ 이십년전 레스토랑 스타일이에요… 뷰와 분위기를 즐기시려면 추천 아니면 다른데 가세요 … 뷰 맛집이네요/직원분들도 친절하시고 다양한 요구에도 친절히 응대해주셨어요~ 가족이 함께 했을때 명당 위치와 장단점도 잘 말씀해주시고~식사메뉴들도 생각보다 맛있어서 대만족이었어요~^^ 해산물도 듬뿍~~ 분위기도 굿~ 야경도 아름다워서 가족이 함께하는 내내 행복했답니다~ 행복한 추억 만들수 있는 명소~ 찐입니다👍/123층에 있는 식당. 그게 다인 곳. 음식은 휴게소 수준, 아니 그 이하. 햄버그 스테이크와 스파게티는 반조리 식품 보다 못한 듯. 더 최악인 것은 커피. 전망대 이용료까지 포함된 음식 가격. 가성비 몹시 떨어집니다./맛은 뛰어나진 않지만, 뷰나 분위기, 경험적인 면(123층에서의 식사) 등으로 보았을땐 값이 전혀 비싼편이 아니네요. 단품을 먹으면 가성비가 확 떨어지겠지만, 123라운지 스위트권(하몽메론, 파스타, 함박스테이크, 차2잔+입장권2매)이라면 충분히 의미있고 좋은 지출이 될 겁니다.저는 개인적으로 너무 좋았어요. 강추!/야경뷰가 좋고 음식 맛잇어요/한강뷰와 야경이 참 좋습니다.","https://search.pstatic.net/common/?autoRotate=true&quality=95&type=f180_180&src=http%3A%2F%2Fblogfiles.naver.net%2FMjAyMTA3MTlfMTM1%2FMDAxNjI2NjcwMzQ5ODEz.gvFXfxFfRviNP38sOXDGXwQgVgHIgmMEw7AEsMzwk3Ig.oe50ed8VqdXD8Cpapq5SDwZRzZqfApI1hA_a4aQAYXwg.JPEG.eventbom%2FDSC_0205.JPG,https://search.pstatic.net/common/?autoRotate=true&quality=95&type=f180_180&src=http%3A%2F%2Fblogfiles.naver.net%2FMjAyMDA4MjlfOTMg%2FMDAxNTk4NzExODg2NTgz.Km_j4ReZIsFWi4wQIQ0jb6WJyaXWTOm6iZPLMsMEnmUg.e4ZPEMDdYbFdCY1eIMitXdh0nLAmNeZmcZWYvpxmlL4g.JPEG.odm000%2Foutput_3985659015.jpg,https://search.pstatic.net/common/?autoRotate=true&quality=95&type=f180_180&src=http%3A%2F%2Fblogfiles.naver.net%2FMjAyMTA1MjNfMjY3%2FMDAxNjIxNzUyNTExMDI2.LW0Uqt0f3948ic7rsu5qZYk9GNfdJQp6vT-roxa2RAMg.KcrVfO01ixEfpYw58aMjdKlvcH-BvRj5w5ZY6PfhzhEg.JPEG.yem_06%2FIMG_1328.JPG,https://search.pstatic.net/common/?autoRotate=true&quality=95&type=f180_180&src=http%3A%2F%2Fblogfiles.naver.net%2FMjAyMTAxMTZfMjU1%2FMDAxNjEwODA2NTczNjE2.5FuVMaq6OHhYgiTq7-XuQI8xr_AhOIwOE1FZjx2g0Pog.S2u8Na6tbpKjZ24uKiUyv7azlMIZQgYlVpoofRW6uq8g.JPEG.jichosuk%2FIMG_70280-0300.JPG,https://search.pstatic.net/common/?autoRotate=true&quality=95&type=f180_180&src=http%3A%2F%2Fblogfiles.naver.net%2FMjAyMTExMTRfMTIz%2FMDAxNjM2ODkzNTk0NDU2.SuGStyYGSkUGNF13ioFp5vdsls0de4aGOTaBhQeUkAUg.LQOWxKFqHQ2k9KM-mw0TXcx0rqqdfz6Z0_FJupRk0iIg.JPEG.rktlsk6556%2F20211114%25A3%25DF132007.jpg,https://search.pstatic.net/common/?autoRotate=true&quality=95&type=f180_180&src=http%3A%2F%2Fblogfiles.naver.net%2FMjAyMTA2MjJfMTcz%2FMDAxNjI0MzcxNjMwODIy.qfrPehFkLh17r1UrTNWJ7OR45u218mqJXiAwrc12tWAg.GCCOp0NEvZtwQhuMcK2mrq6QAFVrU8mKbg3AfcwM0Sgg.JPEG.catchkelly%2F2021-05-21-21-46-50-536.jpg,https://search.pstatic.net/common/?autoRotate=true&quality=95&type=f180_180&src=http%3A%2F%2Fblogfiles.naver.net%2FMjAyMTAxMzFfODUg%2FMDAxNjEyMDk0OTEwMzc4.tpyqTKZhfPzx8r-BzeDMfCxHDlRuuLf50wZ4E0Q4pesg.7Pzzj5aL5e_UCp5yBCopIgjh_unHQr4sbCyI-GsLU4gg.JPEG.rga45%2F1612094908071.jpg,https://search.pstatic.net/common/?autoRotate=true&quality=95&type=f180_180&src=http%3A%2F%2Fblogfiles.naver.net%2FMjAyMTA3MjFfMTc3%2FMDAxNjI2ODYxODYzMzA4.DcRV3tJP_LdTHbLuWhn4YKrNqQyd9y4F4PNb00gQbGQg.b7lmq18v8V_XywMlpKGbBHZQtFEqxR5YaqdIDN8jrLYg.JPEG.ras_ilruiju%2F20210710%25A3%25DF184758.jpg,https://search.pstatic.net/common/?autoRotate=true&quality=95&type=f180_180&src=http%3A%2F%2Fblogfiles.naver.net%2FMjAyMTA1MDRfMTQ4%2FMDAxNjIwMTM2ODkxMzM2.KJyrf7DoOlPSsBuejTFyecE8I7P-84UXcszEaEA-VtIg.8W5N2Nu12tWG4n_xSgMDvIkLQJoCCxuzh-AeDVyiMsAg.JPEG.ocloveoc%2FIMG_7802.jpg,https://search.pstatic.net/common/?autoRotate=true&quality=95&type=f180_180&src=http%3A%2F%2Fblogfiles.naver.net%2FMjAyMTA2MjJfOTMg%2FMDAxNjI0MzcyNzg4MzE0.lBOUgQlV87LK3zRMdTYK6oXb30FMfCr591xLDUoxNZMg.9-rsP3XxZ6IKzbw7UvDD05aGl16b5jpelYgZCiAH66Yg.JPEG.catchkelly%2F20210521_223449.jpg,https://search.pstatic.net/common/?autoRotate=true&quality=95&type=f180_180&src=http%3A%2F%2Fblogfiles.naver.net%2FMjAyMjAzMTBfMjk2%2FMDAxNjQ2OTEwNjE4MDI2.AeazdPYi3lbmqswTDudado3dYQCRKKn1cnPES9WV1ZEg.ToF7gtRNaKkzNzeEscW8bcRYMn9FvJzeziBPlux4P5sg.JPEG.eventbom%2FDSC_2154.JPG,https://search.pstatic.net/common/?autoRotate=true&quality=95&type=f180_180&src=http%3A%2F%2Fblogfiles.naver.net%2FMjAyMjAzMTRfMjU1%2FMDAxNjQ3MjQyNjcxMzI5.YGOGi3s8BNYUxVkrDACgD1V5HZY3OeZFFE8jifjLrSog.9Lg2wj_3LQCgTQRoC5aHW1XoSAKyFJdasz0OVMs5RAcg.JPEG.rose_hwa%2F1647242600791.jpg,https://search.pstatic.net/common/?autoRotate=true&quality=95&type=f180_180&src=http%3A%2F%2Fblogfiles.naver.net%2FMjAyMTA0MzBfMjc1%2FMDAxNjE5NzQ5NTAyMTIw.UoOF_KArkKAvVEw8__iNEyoKCdr5fQunwOb4lJ-u8gcg.iHFqaRuTtVqsebzXFxFaWYEUK2b_Lp09amVNHAOsho4g.JPEG.111light%2FIMG_5775.jpeg,https://search.pstatic.net/common/?autoRotate=true&quality=95&type=f180_180&src=http%3A%2F%2Fblogfiles.naver.net%2FMjAyMjAxMjdfMTQ4%2FMDAxNjQzMjQ3NzU0MTY3.mxC9RYD3glDAvybH779kYpuxte3IsVuQZ6NMxx7WLdog._n7CqK-ae-ajXyTgxiwWNrrXxvfb18FuR3ZwR2gQpSQg.JPEG.ylovej07%2FKakaoTalk_20220126_164248533_06.jpg,https://search.pstatic.net/common/?autoRotate=true&quality=95&type=f180_180&src=http%3A%2F%2Fblogfiles.naver.net%2FMjAxOTEwMjdfMjMy%2FMDAxNTcyMTQxNDQxODcz.9NMpaQqo1JpjSxOZx0VeARmo3BVGapWjWqiUrMvSYkAg.NrH7tq-VuscT95qrOkfqYWyQLw7JeDUxzDWV3dnAZyog.JPEG.1030zxcv%2FKakaoTalk_20191027_103702637.jpg,https://search.pstatic.net/common/?autoRotate=true&quality=95&type=f180_180&src=http%3A%2F%2Fblogfiles.naver.net%2FMjAyMTEyMTNfMjkw%2FMDAxNjM5MzY3OTAzNTc5.dyfpudiffEMAgrC7ZabpKcsrjlouiQjBYjYyfEJKQOQg.00dOQMsKlAtEzsSkq5HgvFb2dxCA7z1URGoIQM7Ciy8g.JPEG.aeali20%2Foutput_1854968249.jpg,https://search.pstatic.net/common/?autoRotate=true&quality=95&type=f180_180&src=http%3A%2F%2Fblogfiles.naver.net%2FMjAyMjAzMTRfMzEg%2FMDAxNjQ3MjQyNjM1MTcz.0L3AE_3QL0Jpq60Gjqd_7jTuuR1wfjWUYrXz-Pm7Vl4g.bZGhkAb93u4ntnzdiXxrmUlUzFH4MqdnkFFYg_Q-l2Yg.JPEG.rose_hwa%2F1647242596962.jpg,https://search.pstatic.net/common/?autoRotate=true&quality=95&type=f180_180&src=http%3A%2F%2Fblogfiles.naver.net%2FMjAyMTA3MDRfMjYy%2FMDAxNjI1Mzg3NjI0MjQw.APlva-hW5mWFx5HPuWRf_wFk_FdzyaGYArixajHaOskg.XVVHH3KsIkasDmVP_9ZwObe6EM2TpUlgR1LZjrft3Mgg.JPEG.daisies11%2FIMG_5036.jpg,https://search.pstatic.net/common/?autoRotate=true&quality=95&type=f180_180&src=http%3A%2F%2Fblogfiles.naver.net%2FMjAyMjAzMTBfMjAy%2FMDAxNjQ2OTEwNTcxMTI3.VJc329ew260DaDk9YEXLnP8v9lXlyhhxDBmsNBKN4qAg.8i49mu5XA88Mg0Zq-Ens8vK-thyyErNARp-qWd-HAXYg.JPEG.eventbom%2F%25284%2529.jpg,https://search.pstatic.net/common/?autoRotate=true&quality=95&type=f180_180&src=http%3A%2F%2Fblogfiles.naver.net%2FMjAyMTAxMTVfMjI0%2FMDAxNjEwNjQxNDYwMzgz.pkflLOXsjeXInwwWdGnhIPHxiceZp8A7d7i1qkNEvYMg.KGDr1SEK1ijaLYjubx3np9c_5GXtYKLPSecLPG_6YWUg.JPEG.jichosuk%2FIMG_70300-0320.JPG,https://search.pstatic.net/common/?autoRotate=true&quality=95&type=f180_180&src=http%3A%2F%2Fblogfiles.naver.net%2FMjAyMDA5MTdfMTE0%2FMDAxNjAwMjc5MjkwNTYw.d5CNdyM-Y6K_r3RdfHN9QcVolCme0xGw5YHBRKa7iWIg.auNAec-bX-EvxZuR9DG1WoKIYo38ynsSZstT4MZoIBog.JPEG.irisbowl%2F1600279289235.jpg,https://search.pstatic.net/common/?autoRotate=true&quality=95&type=f180_180&src=http%3A%2F%2Fblogfiles.naver.net%2FMjAxOTEwMjdfMjk2%2FMDAxNTcyMTM4ODQxODIy.mJ7WLKSrppXLwHFnDWB6IrNW2Fp1dFV964EeQoOCDpMg.ulzoLRMaPXxnkRQpund0M2PwWese4Sh8meT5WTRFYEog.JPEG.1030zxcv%2F1572138841402.jpg,https://search.pstatic.net/common/?autoRotate=true&quality=95&type=f180_180&src=http%3A%2F%2Fblogfiles.naver.net%2FMjAyMTA4MDlfMTQz%2FMDAxNjI4NDkwMDE1NTE5.QNFgqET54BmN8rTgNpLpeQe67pH67FmQsK-HUCpX32cg.7en8eUXFRprQe5yMhQQ9h-l1Y2cEYDNt8QVOxvgjmQYg.JPEG.endlv47%2FKakaoTalk_20210809_150816473_08.jpg,https://search.pstatic.net/common/?autoRotate=true&quality=95&type=f180_180&src=http%3A%2F%2Fblogfiles.naver.net%2FMjAyMjAzMTRfMTEx%2FMDAxNjQ3MjQyNjY4Njg5.ENfUHFFVk90HjJ8Ky1zGmHCEaMcjM0oL_uWO6jbTffgg.2b61BDDFBO92QDpkQYZgv0BzLKaOWng8hlIYXQ4wcKQg.JPEG.rose_hwa%2F1647242600574.jpg,https://search.pstatic.net/common/?autoRotate=true&quality=95&type=f180_180&src=http%3A%2F%2Fblogfiles.naver.net%2FMjAyMTExMjhfMTgx%2FMDAxNjM4MTEwNjczNTA0.u4KYb8V15KkXU7iHlOfrLDg5B_YseDFxDApD-dT8AvUg.8sZhEF0TEkUQQX7dBE67UN6IEWPRG07DBrReub-Ye1Ig.JPEG.haruya13%2FKakaoTalk_20211128_230912841.jpg,https://search.pstatic.net/common/?autoRotate=true&quality=95&type=f180_180&src=http%3A%2F%2Fblogfiles.naver.net%2FMjAyMjAzMTRfMjQ3%2FMDAxNjQ3MjQyNjQ4MzAw.Sd8tJ-dSp3mMLsKd7FxHbnRlmMKguUbaj5UwwS9ZvBYg.1AbmtnXxOcIiB1yLr5npLgd8cZ31NM7arS-Ru2ez4qkg.JPEG.rose_hwa%2F1647242598787.jpg,https://search.pstatic.net/common/?autoRotate=true&quality=95&type=f180_180&src=http%3A%2F%2Fblogfiles.naver.net%2FMjAyMTA0MDRfOTcg%2FMDAxNjE3NTEwMDg5NTcw.J0jvmF5LLHTA4L_S8R2kszKFzhVkFEju-3E3KdQjLtEg.SgdR_KpzwaK6eFWcjNq48i8sqUXbTK28D3gJKLOx4Jsg.JPEG.seoulattic%2FIMG_6231.JPG,https://search.pstatic.net/common/?autoRotate=true&quality=95&type=f180_180&src=http%3A%2F%2Fblogfiles.naver.net%2FMjAyMjAzMTRfMjYy%2FMDAxNjQ3MjQyNjM2Nzgw.IQuJnVguxXGy-3ts707LnO3xohcoGQau9a5mYr-CYhEg.oQj_fAF9kLdeqMnksz3s1N04yXmI_kyuj051qDKkyDUg.JPEG.rose_hwa%2F1647242597254.jpg,https://search.pstatic.net/common/?autoRotate=true&quality=95&type=f180_180&src=http%3A%2F%2Fblogfiles.naver.net%2FMjAyMjAyMTRfMTQz%2FMDAxNjQ0ODQwMTkzMTYz.4lDB4LmG-eXtuX3TA1Kol_FemMHisEC6pUvsyMUR_LYg.VqXdKYaGBZ7BOeVPZNRxw8WAldIFHFoHr-Jwp4Y1mqkg.JPEG.1-shine%2F1644839536921.jpg,https://search.pstatic.net/common/?autoRotate=true&quality=95&type=f180_180&src=https%3A%2F%2Fldb-phinf.pstatic.net%2F20200718_276%2F1595051828140NFJcP_JPEG%2F_DSC2881.jpg","https://search.pstatic.net/common/?autoRotate=true&quality=95&type=f180_180&src=http%3A%2F%2Fblogfiles.naver.net%2FMjAyMTA3MDRfMTAx%2FMDAxNjI1Mzg3NjIzMDAz.eyKF2ix5fuqGj1fg9UYTVZUffKOjvoq60veYHAHwvmIg.AzjrvrH9srFZEg70pLE8tGgwefvBNY9WppuQlMS6K24g.JPEG.daisies11%2FIMG_5007.jpg,https://search.pstatic.net/common/?autoRotate=true&quality=95&type=f180_180&src=http%3A%2F%2Fblogfiles.naver.net%2FMjAyMTAxMTVfMTAz%2FMDAxNjEwNjQxNDYxMTIw.T8_hchkEzRlyXFH7uvjBgd62v3jgwaShHa8KL4XX17kg.dhO48wIZPsMA-lnvVJf9l8qWwzm3_fAuyGPcJaBKNpgg.JPEG.jichosuk%2FIMG_70560-0460.JPG,https://search.pstatic.net/common/?autoRotate=true&quality=95&type=f180_180&src=http%3A%2F%2Fblogfiles.naver.net%2FMjAyMTExMDhfMjQz%2FMDAxNjM2MzM0NzMyNjEz.xhkYvlSA6DUQrcRWSVnPwZlkwy3CTXEs9-WgMSfGjWIg.Ivko-pMy52kxAdJbfSwiOoVmkbdXVagzmpzR4hCXarUg.JPEG.feiloveu%2FBandPhoto%25A3%25DF2021%25A3%25DF11%25A3%25DF08%25A3%25DF10%25A3%25DF19%25A3%25DF42.jpg,https://search.pstatic.net/common/?autoRotate=true&quality=95&type=f180_180&src=http%3A%2F%2Fblogfiles.naver.net%2FMjAyMTA1MjNfMTcz%2FMDAxNjIxNzUyNTA4OTEw.LWW0t73G07V-xhdt30oLNyCutIq4fJ6UPPdn3WJbU8gg.bs5C8oG017YEOST9l3Oq5qlFuglRe1vQX9jp7sAKDXMg.JPEG.yem_06%2FIMG_1337.JPG,https://search.pstatic.net/common/?autoRotate=true&quality=95&type=f180_180&src=http%3A%2F%2Fblogfiles.naver.net%2FMjAyMTA5MTJfMTc0%2FMDAxNjMxNDU2NTM5MTYy.KSKfTjF828_xHnppsN2N4i7Me6akTuTz1y-k7vpN0OQg.boOLaMfGgwbmyKAxKGQ-sSkG-KE-kFcA_r6TRvErTukg.JPEG.noji0728%2F20210909%25A3%25DF190654.jpg,https://search.pstatic.net/common/?autoRotate=true&quality=95&type=f180_180&src=http%3A%2F%2Fblogfiles.naver.net%2FMjAyMTA5MTJfOTkg%2FMDAxNjMxNDU2NTM4NTM1.VtT2SdkiXflnAhTNbzVa6GxRla0bfE9f8ZoyhtiZOPAg.e1iM8wZqpXn32R4evbtYl--EirM2llQrpl2AkvoT7WAg.JPEG.noji0728%2F20210909%25A3%25DF190346.jpg,https://search.pstatic.net/common/?autoRotate=true&quality=95&type=f180_180&src=http%3A%2F%2Fblogfiles.naver.net%2FMjAyMTA1MjNfODMg%2FMDAxNjIxNzUyNTA1ODAx.aYVvdXC3Z4pUODdIt2IujJBN844uOBzJ8kpkcl1vtAIg.4oh4Wib1nag2Is8p7WF7ne_VkFECfm2YDtoG09SWNY4g.JPEG.yem_06%2FIMG_1232.JPG,https://search.pstatic.net/common/?autoRotate=true&quality=95&type=f180_180&src=http%3A%2F%2Fblogfiles.naver.net%2FMjAyMTA3MjFfMjE1%2FMDAxNjI2ODYxODU2MzM0.4qDaNylAsWpwG0vrDPsMNOGrk6ABQ8MkhvWsmmCF3qog.YhqlBZ-OsTQeqdBx4P3ZlZacDsBifISVg0OaVoQ1D5Ug.JPEG.ras_ilruiju%2F20210710%25A3%25DF183751.jpg,https://search.pstatic.net/common/?autoRotate=true&quality=95&type=f180_180&src=http%3A%2F%2Fblogfiles.naver.net%2FMjAyMTExMTRfMjg3%2FMDAxNjM2ODkzNjA5NzA1.841i6f7pa9ia_j0qJtLzBDOu_EfEg15rqeXGz8NB96og.as1mR7V71hqUr6ItvjtgLH1llVKlaX0iNeKEjZ0mRdQg.JPEG.rktlsk6556%2F20211114%25A3%25DF134909.jpg,https://search.pstatic.net/common/?autoRotate=true&quality=95&type=f180_180&src=http%3A%2F%2Fblogfiles.naver.net%2FMjAyMTA0MTlfMjc5%2FMDAxNjE4Nzk3MDk4OTg0.QShpN3XnJ6xZYuGrPpIQiwE9Lkt8hiD6fGB1gzR6Ot8g.c6lBOpgQeNiKI1-68GEYOMviUa_--wljM2Ar_Flo1oAg.JPEG.aro806%2FIMG_6763.JPG,https://search.pstatic.net/common/?autoRotate=true&quality=95&type=f180_180&src=http%3A%2F%2Fblogfiles.naver.net%2FMjAyMTA1MjNfMTQ5%2FMDAxNjIxNzUyNTA4Mzc5.1do3nlnXLs8vtUhB8kUfStlvtzypKUSwgDSErfQPrCUg.wqVMEH51EBuAmFsX2NiFTZuwRUH-r9ZpWxxlxr-AlYkg.JPEG.yem_06%2FIMG_1332.JPG,https://search.pstatic.net/common/?autoRotate=true&quality=95&type=f180_180&src=http%3A%2F%2Fblogfiles.naver.net%2FMjAyMjA0MDNfNjUg%2FMDAxNjQ4OTk2NzkwNDEx.IoQZO3UyOfqiJKkUZAuo79xefBsc0c-hAQknn4JczRYg.fBijQxUYV9nay-xx1jaII6mmTSrLD3gVhKHXPXE_Ftog.JPEG.xx4700%2FIMG_3932.jpg,https://search.pstatic.net/common/?autoRotate=true&quality=95&type=f180_180&src=http%3A%2F%2Fblogfiles.naver.net%2FMjAyMTA0MThfMTM3%2FMDAxNjE4NzU1NTQzMzcw.vVBzryuCgbH4qWUwwKN4cpklhwq_4Vp4Fyp07ejHhtsg.8i-HJTHr9QDyCq61g4ugxw3ao6YRYdSAIGGPEp9jrGIg.PNG.hhhong88%2Fimage.png,https://search.pstatic.net/common/?autoRotate=true&quality=95&type=f180_180&src=http%3A%2F%2Fblogfiles.naver.net%2FMjAyMjAyMjRfOTYg%2FMDAxNjQ1NjgzMDg0MDI2.4hB-bIFna7qXrJ-z6-GHSDuy--6BEnsJuB5FrfQm9i0g.2-y4GgT3pEdlCWHxMKXLTfO77V-ngK12ofiVdwf1ISQg.JPEG.eventbom%2FKakaoTalk_20220120_132455849_02.jpg,https://search.pstatic.net/common/?autoRotate=true&quality=95&type=f180_180&src=http%3A%2F%2Fblogfiles.naver.net%2FMjAyMTA1MjNfMjU1%2FMDAxNjIxNzUyNTEwOTY1.9Wo0Zs3r94EJ2b7ufboldrP0W2k0-ZUdhPPIRT4AWesg.t0aN7ZyMWKypDBimBd2Asc3GXj6mV46nMNW03JOlrEYg.JPEG.yem_06%2FIMG_1375.JPG,https://search.pstatic.net/common/?autoRotate=true&quality=95&type=f180_180&src=http%3A%2F%2Fblogfiles.naver.net%2FMjAyMTExMDhfMTQz%2FMDAxNjM2MzM0NzMxMDIw.XFCueZaOZt8t1fEdmQInC2-Md7ipdsyEWARkJgVMT2Eg._szacmLpgOFYvVotE69hSG5xdqsTHDw3g8-UVf8LFd4g.JPEG.feiloveu%2FBandPhoto%25A3%25DF2021%25A3%25DF11%25A3%25DF08%25A3%25DF10%25A3%25DF19%25A3%25DF18.jpg,https://search.pstatic.net/common/?autoRotate=true&quality=95&type=f180_180&src=http%3A%2F%2Fblogfiles.naver.net%2FMjAyMjAyMThfMjA5%2FMDAxNjQ1MTc2NjY2MDQ5.YjnxHFBAB-YD99lQ9iI_icndM68rnkKIPD-MintaEuUg.IEiBIQ10ldVoXlsnFg2bkUkDZVKyC3NF5McvF6T_fjsg.JPEG.amaranth_sia%2Foutput_4103237004.jpg,https://search.pstatic.net/common/?autoRotate=true&quality=95&type=f180_180&src=http%3A%2F%2Fblogfiles.naver.net%2FMjAyMDA5MTdfMTIy%2FMDAxNjAwMjc3MjM4MjM4.TrD56wEi5kL2YYv-p0aLDO_Ciwv1Hsn6Plt97lg-VLMg.KWUMGSNtutkACzUOIsF2St9fIRjOl9xKtLeHGCHQUosg.JPEG.irisbowl%2F1600277236789.jpg,https://search.pstatic.net/common/?autoRotate=true&quality=95&type=f180_180&src=http%3A%2F%2Fblogfiles.naver.net%2FMjAyMTA1MjNfOSAg%2FMDAxNjIxNzUyNTA4NzU5.D_Rgm9TtICDJkmzeuhNm9onZWnMtdc4CnLitzFxtO_og.Wc0hDJNkTxGVxefAXA1eXH7XG_k93oE-pJ5xnLqAVKog.JPEG.yem_06%2FIMG_1330.JPG,https://search.pstatic.net/common/?autoRotate=true&quality=95&type=f180_180&src=http%3A%2F%2Fblogfiles.naver.net%2FMjAyMTAxMTVfMjk5%2FMDAxNjEwNjQxNDU4ODQz.RCaCm6Uu3XUvc0oMxZHlJ0PorjQEzhB4gsdoHgFCEuAg.REUbAKQ9I9GNC93YHjilKgv1j_0sK3kOY8qDbkJ9oigg.JPEG.jichosuk%2F275A60710-0040.JPG,https://search.pstatic.net/common/?autoRotate=true&quality=95&type=f180_180&src=https%3A%2F%2Fldb-phinf.pstatic.net%2F20200718_194%2F15950497235303xIYw_JPEG%2F876DA92B-CE42-4C0F-92D9-410516124FCD.jpeg,https://search.pstatic.net/common/?autoRotate=true&quality=95&type=f180_180&src=http%3A%2F%2Fblogfiles.naver.net%2FMjAxOTEwMjdfMTAg%2FMDAxNTcyMTU0OTM5NDUx.phuVYBS_5ocJXLr9KVyJRavEst8heic50caTpe1JT-gg.u_OUEPhXx8E_itWPX34JSO3SblXCQy8qpl7j2TTRDjsg.JPEG.1030zxcv%2F1572154938566.jpg,https://search.pstatic.net/common/?autoRotate=true&quality=95&type=f180_180&src=http%3A%2F%2Fblogfiles.naver.net%2FMjAyMTA4MTBfODMg%2FMDAxNjI4NTQ3NzYwMjky.cuMIEWVnot2G8SeFkEspqMkuFJKG6btbLFO20NpMGjcg.i9h8EO4BwxJk7RYvqCQt0yzqIDKalcL0x_noBXvjkVIg.JPEG.000zero000%2F20210714%25A3%25DF131509.jpg,https://search.pstatic.net/common/?autoRotate=true&quality=95&type=f180_180&src=http%3A%2F%2Fblogfiles.naver.net%2FMjAxOTEwMjdfNSAg%2FMDAxNTcyMTQxNjgxNDk3.SvSGVYjcgzEBM-x7-fKCPufoXyJzwb0xQg8rAGeiza0g.YPvF56MgRsEkHoLYMKr5jWNcg5HPZWHJPZCYBNH6XAgg.JPEG.1030zxcv%2F1572139625497.jpg,https://search.pstatic.net/common/?autoRotate=true&quality=95&type=f180_180&src=http%3A%2F%2Fblogfiles.naver.net%2FMjAyMTExMTRfNTMg%2FMDAxNjM2ODkzNDMzNTQ0.yQPg5-DhFThDgeNphxWOSc4LHM__rxIwRpe1p89e4OAg.hEdqzamL8UBHZpB48C5PhYDMRV1c7eWOJL80j9aVgGsg.JPEG.rktlsk6556%2F20211114%25A3%25DF122900.jpg,https://search.pstatic.net/common/?autoRotate=true&quality=95&type=f180_180&src=http%3A%2F%2Fblogfiles.naver.net%2FMjAxOTEwMjZfMjUy%2FMDAxNTcyMDQ4OTY5NDcz.isGbfxg5s6xfPBMEkfjDS5cAtEFvWTzIUm-vpUU_1Vkg.IZcX3pPO0royzu60BHSE7cq5HpxlEZ-dIxWFcnXhZhcg.JPEG.1030zxcv%2F1572048965254.jpg,https://search.pstatic.net/common/?autoRotate=true&quality=95&type=f180_180&src=http%3A%2F%2Fblogfiles.naver.net%2FMjAyMjA0MDNfMjA4%2FMDAxNjQ4OTk2NjQ2NTc1.sussiC9gdz_56LlFjEU89yZ7S-wUEilU257IafCRUMsg.S4BnPA0EGqpwWbXOVOj0tPb-s4w4thSJokF2-PrDiCUg.JPEG.xx4700%2FIMG_3927.jpg,https://search.pstatic.net/common/?autoRotate=true&quality=95&type=f180_180&src=http%3A%2F%2Fblogfiles.naver.net%2FMjAyMTAzMTlfNjkg%2FMDAxNjE2MTY1Nzc1NjUw.zZ0dlS07s9a9zuBJPPdO19NwGWC4kENXBWObwUwhbQ4g.K6gMxgCLRb2k8lnf7gflrb8nWGcbI0NvhNJ2NMZl_ocg.JPEG.nkns0325%2FIMG_7122.jpg,https://search.pstatic.net/common/?autoRotate=true&quality=95&type=f180_180&src=http%3A%2F%2Fblogfiles.naver.net%2FMjAxOTEwMjhfMjQz%2FMDAxNTcyMjM0MTg1OTcz.-HoajdQAEFNSJgeIwkrG76YCpVhooePLZ2DxFwfJixYg.BG9O0Z_3Kj-EfedwhYhS9i2_XMaqlewMB4MLOOPjSLgg.JPEG.1030zxcv%2Foutput_871156760.jpg,https://search.pstatic.net/common/?autoRotate=true&quality=95&type=f180_180&src=http%3A%2F%2Fblogfiles.naver.net%2FMjAyMTExMTRfMjg1%2FMDAxNjM2ODkzNDQ2MjA2.bwnbnc0_RZ5lAjuPTxd3kM08gHy5A8UUqpEI5sUS8t0g.w1J7ebD8wc30KQCPo_vlV_MRTDeI_SLZ1Sl75umnQCEg.JPEG.rktlsk6556%2F20211114%25A3%25DF123755.jpg"
